0 0.121875 0.83671875 0.2421875 0.23046875
0 0.78046875 0.6484375 0.1109375 0.46015625
0 0.3328125 0.8359375 0.20234375 0.109375
0 0.625 0.68515625 0.06484375 0.2390625
0 0.21015625 0.7046875 0.06796875 0.20546875
0 0.365625 0.70546875 0.0328125 0.15546875
0 0.546875 0.69296875 0.0421875 0.2046875
0 0.0390625 0.728125 0.0671875 0.25625
0 0.51328125 0.6890625 0.04140625 0.203125
0 0.81171875 0.6734375 0.07421875 0.29140625
0 0.575 0.684375 0.03515625 0.1890625
0 0.46484375 0.696875 0.03046875 0.14921875