0 0.71484375 0.696875 0.10703125 0.47109375
0 0.465625 0.6515625 0.04296875 0.26015625
0 0.22890625 0.6671875 0.10625 0.31796875
0 0.55546875 0.68828125 0.04140625 0.24296875
0 0.33203125 0.68359375 0.04921875 0.22890625
0 0.62109375 0.70078125 0.03359375 0.159375
0 0.8140625 0.6984375 0.05625 0.325
0 0.40859375 0.69453125 0.03046875 0.14921875
0 0.24453125 0.69375 0.0359375 0.13671875
0 0.7859375 0.7109375 0.03359375 0.22890625
0 0.540625 0.70390625 0.02109375 0.1265625
0 0.76640625 0.71015625 0.028125 0.159375