0 0.6078125 0.6796875 0.07109375 0.41640625
0 0.89453125 0.71328125 0.1125 0.36171875
0 0.51953125 0.70078125 0.05390625 0.22578125
0 0.3328125 0.67421875 0.07734375 0.33515625
0 0.9625 0.70234375 0.0734375 0.31953125
0 0.7359375 0.703125 0.03515625 0.153125
0 0.39375 0.67890625 0.0421875 0.22109375
0 0.46875 0.69375 0.03515625 0.1984375
0 0.29765625 0.67890625 0.046875 0.2890625
0 0.65 0.6984375 0.03203125 0.20625
0 0.43515625 0.6921875 0.028125 0.16171875
0 0.55234375 0.70546875 0.040625 0.13125