0 0.3921875 0.6796875 0.07109375 0.41640625
0 0.10546875 0.71328125 0.1125 0.36171875
0 0.48046875 0.70078125 0.05390625 0.22578125
0 0.6671875 0.67421875 0.07734375 0.33515625
0 0.0375 0.70234375 0.0734375 0.31953125
0 0.2640625 0.703125 0.03515625 0.153125
0 0.60625 0.67890625 0.0421875 0.22109375
0 0.53125 0.69375 0.03515625 0.1984375
0 0.70234375 0.67890625 0.046875 0.2890625
0 0.35 0.6984375 0.03203125 0.20625
0 0.56484375 0.6921875 0.028125 0.16171875
0 0.44765625 0.70546875 0.040625 0.13125