0 0.61875 0.684375 0.06953125 0.32421875
0 0.4484375 0.6765625 0.06015625 0.290625
0 0.28828125 0.68046875 0.04296875 0.23359375
0 0.85234375 0.69453125 0.059375 0.321875
0 0.7671875 0.70703125 0.03828125 0.18359375
0 0.34296875 0.68671875 0.0359375 0.178125
0 0.65390625 0.7015625 0.04296875 0.1609375
0 0.5765625 0.7 0.06875 0.21640625
0 0.5515625 0.68671875 0.02890625 0.2234375
0 0.521875 0.6921875 0.03515625 0.14921875
0 0.9015625 0.7140625 0.0484375 0.24140625
0 0.47109375 0.7109375 0.0484375 0.1203125