0 0.28515625 0.696875 0.10703125 0.47109375
0 0.534375 0.6515625 0.04296875 0.26015625
0 0.77109375 0.6671875 0.10625 0.31796875
0 0.44453125 0.68828125 0.04140625 0.24296875
0 0.66796875 0.68359375 0.04921875 0.22890625
0 0.37890625 0.70078125 0.03359375 0.159375
0 0.1859375 0.6984375 0.05625 0.325
0 0.59140625 0.69453125 0.03046875 0.14921875
0 0.75546875 0.69375 0.0359375 0.13671875
0 0.2140625 0.7109375 0.03359375 0.22890625
0 0.459375 0.70390625 0.02109375 0.1265625
0 0.23359375 0.71015625 0.028125 0.159375