0 0.36796875 0.68046875 0.05546875 0.3203125
0 0.74609375 0.6546875 0.065625 0.38125
0 0.23125 0.69921875 0.04609375 0.25703125
0 0.67578125 0.678125 0.0875 0.2609375
0 0.2953125 0.709375 0.0375 0.16875
0 0.5015625 0.70703125 0.03671875 0.12421875
0 0.47265625 0.69140625 0.02109375 0.153125
0 0.4546875 0.69140625 0.0359375 0.17421875
0 0.62265625 0.6859375 0.03515625 0.17890625
0 0.665625 0.734375 0.06015625 0.05390625
0 0.578125 0.68203125 0.0578125 0.29609375
0 0.540625 0.715625 0.08046875 0.18046875