0 0.44453125 0.5578125 0.078125 0.334375
0 0.08125 0.115625 0.0296875 0.13359375
0 0.57109375 0.53671875 0.053125 0.26875
0 0.2671875 0.48671875 0.046875 0.18828125
0 0.73046875 0.53671875 0.05234375 0.246875
0 0.36328125 0.171875 0.03046875 0.103125
0 0.69921875 0.50859375 0.03671875 0.21171875
0 0.30390625 0.49609375 0.04296875 0.20390625
0 0.23125 0.4734375 0.02734375 0.15859375
0 0.3296875 0.48203125 0.03671875 0.1796875
0 0.52578125 0.4890625 0.03046875 0.1703125
0 0.6609375 0.49609375 0.025 0.159375
0 0.6234375 0.51640625 0.04609375 0.14921875
0 0.765625 0.53515625 0.04296875 0.1109375
0 0.02421875 0.48359375 0.03515625 0.2390625
0 0.0484375 0.45390625 0.0234375 0.128125