0 0.91875 0.115625 0.0296875 0.13359375
0 0.3796875 0.57890625 0.0578125 0.3546875
0 0.26484375 0.54140625 0.04375 0.275
0 0.746875 0.5484375 0.10234375 0.27421875
0 0.5640625 0.4890625 0.03125 0.1796875
0 0.63671875 0.17109375 0.03046875 0.10390625
0 0.51015625 0.50390625 0.03671875 0.21328125
0 0.33203125 0.496875 0.03046875 0.1609375
0 0.6921875 0.4765625 0.0453125 0.15859375
0 0.72109375 0.47890625 0.0421875 0.19296875
0 0.83125 0.5015625 0.046875 0.1703125
0 0.9328125 0.45390625 0.02265625 0.13046875
0 0.7921875 0.503125 0.046875 0.20625
0 0.66640625 0.4640625 0.02421875 0.13984375