0 0.56484375 0.5453125 0.0625 0.30703125
0 0.91875 0.115625 0.0296875 0.13359375
0 0.4328125 0.54140625 0.06484375 0.2609375
0 0.29765625 0.54765625 0.0625 0.225
0 0.63671875 0.171875 0.03046875 0.103125
0 0.4625 0.48046875 0.0578125 0.18984375
0 0.69296875 0.496875 0.03984375 0.203125
0 0.73046875 0.48203125 0.03515625 0.20546875
0 0.375 0.51640625 0.046875 0.1484375
0 0.74921875 0.47421875 0.02421875 0.159375
0 0.975 0.4859375 0.0359375 0.234375
0 0.33984375 0.496875 0.02734375 0.15859375
0 0.2296875 0.53671875 0.0484375 0.10859375
0 0.95078125 0.45546875 0.02265625 0.13046875
0 0.6796875 0.484375 0.02578125 0.1734375
0 0.18984375 0.5453125 0.03828125 0.11640625
0 0.16328125 0.546875 0.03984375 0.121875
0 0.29453125 0.5078125 0.03203125 0.21171875