0 0.45703125 0.5640625 0.12578125 0.240625
0 0.08125 0.115625 0.0296875 0.13359375
0 0.3625 0.49453125 0.05859375 0.16953125
0 0.24609375 0.48984375 0.04453125 0.19453125
0 0.36328125 0.171875 0.03046875 0.103125
0 0.8 0.51953125 0.0453125 0.21171875
0 0.61015625 0.53671875 0.04453125 0.28046875
0 0.2125 0.471875 0.03203125 0.15625
0 0.68828125 0.53203125 0.053125 0.23359375
0 0.32265625 0.51328125 0.03671875 0.18515625
0 0.528125 0.48828125 0.0328125 0.171875
0 0.025 0.48359375 0.03671875 0.2390625
0 0.05 0.45390625 0.02265625 0.128125
0 0.66171875 0.49609375 0.02578125 0.15703125
0 0.63203125 0.5109375 0.0328125 0.21875
0 0.30546875 0.4640625 0.02421875 0.13671875