0 0.08125 0.115625 0.0296875 0.13359375
0 0.7625 0.540625 0.04921875 0.26484375
0 0.39921875 0.49453125 0.05703125 0.2
0 0.56171875 0.54140625 0.06796875 0.27109375
0 0.1125 0.48125 0.06796875 0.16875
0 0.19375 0.47109375 0.0390625 0.1515625
0 0.36328125 0.171875 0.03046875 0.103125
0 0.24921875 0.475 0.0515625 0.16484375
0 0.5125 0.48515625 0.03515625 0.140625
0 0.66015625 0.496875 0.03125 0.15859375
0 0.02578125 0.48359375 0.03828125 0.23984375
0 0.5390625 0.49296875 0.03203125 0.1859375
0 0.28203125 0.53125 0.115625 0.271875
0 0.06796875 0.45390625 0.02265625 0.13046875