0 0.08125 0.115625 0.0296875 0.13359375
0 0.465625 0.56796875 0.08359375 0.3890625
0 0.16640625 0.46953125 0.0625 0.1703125
0 0.70703125 0.509375 0.0375 0.21640625
0 0.4109375 0.53125 0.05546875 0.271875
0 0.29140625 0.49609375 0.04453125 0.20546875
0 0.59296875 0.49375 0.04296875 0.184375
0 0.36328125 0.171875 0.03046875 0.103125
0 0.34765625 0.465625 0.03671875 0.13203125
0 0.51484375 0.53359375 0.040625 0.25625
0 0.6578125 0.4953125 0.0234375 0.1515625
0 0.765625 0.53671875 0.0421875 0.10703125
0 0.2359375 0.48359375 0.0484375 0.18984375
0 0.02578125 0.48359375 0.0375 0.2390625
0 0.07421875 0.45546875 0.02421875 0.13359375
0 0.809375 0.5453125 0.04140625 0.11875
0 0.31171875 0.46953125 0.028125 0.14453125
0 0.8390625 0.54609375 0.03671875 0.12421875
0 0.22109375 0.47265625 0.02421875 0.153125