0 0.19609375 0.84296875 0.26640625 0.31015625
0 0.08125 0.115625 0.0296875 0.13359375
0 0.44765625 0.52109375 0.03515625 0.24140625
0 0.546875 0.50703125 0.0546875 0.21484375
0 0.3328125 0.496875 0.02890625 0.20703125
0 0.58046875 0.5109375 0.0484375 0.2140625
0 0.36328125 0.171875 0.03046875 0.103125
0 0.6609375 0.496875 0.02890625 0.15625
0 0.303125 0.48046875 0.03828125 0.17890625
0 0.2546875 0.4734375 0.03359375 0.15546875
0 0.76484375 0.534375 0.04375 0.11328125
0 0.06875 0.45625 0.02265625 0.13515625
0 0.02578125 0.48359375 0.0375 0.2390625
0 0.8421875 0.54296875 0.04140625 0.13125
0 0.22734375 0.47109375 0.034375 0.14375
0 0.3921875 0.51328125 0.0328125 0.22890625
0 0.4328125 0.47734375 0.0296875 0.1640625
0 0.8109375 0.54609375 0.04453125 0.11640625