0 0.240625 0.55625 0.15 0.26640625
0 0.7609375 0.54921875 0.06328125 0.2546875
0 0.540625 0.56953125 0.07890625 0.2734375
0 0.08125 0.115625 0.02890625 0.13359375
0 0.1171875 0.48984375 0.04921875 0.19609375
0 0.36328125 0.171875 0.03046875 0.103125
0 0.478125 0.4890625 0.03203125 0.15859375
0 0.6671875 0.496875 0.0296875 0.1609375
0 0.16328125 0.515625 0.04921875 0.17890625
0 0.02265625 0.48359375 0.04296875 0.23984375
0 0.3140625 0.465625 0.02578125 0.134375
0 0.565625 0.5109375 0.046875 0.19453125
0 0.0671875 0.45390625 0.02265625 0.13046875