0 0.56171875 0.54296875 0.07265625 0.26953125
0 0.08125 0.11640625 0.0296875 0.134375
0 0.43203125 0.49609375 0.04921875 0.20859375
0 0.7296875 0.53359375 0.06328125 0.25078125
0 0.271875 0.53203125 0.07890625 0.28359375
0 0.36328125 0.171875 0.03046875 0.103125
0 0.14921875 0.48046875 0.03359375 0.178125
0 0.2171875 0.49453125 0.0390625 0.2140625
0 0.390625 0.4765625 0.04453125 0.14375
0 0.52421875 0.490625 0.040625 0.19296875
0 0.184375 0.46953125 0.03671875 0.14921875
0 0.66640625 0.496875 0.03203125 0.1609375
0 0.33984375 0.46328125 0.03203125 0.134375
0 0.025 0.48359375 0.03828125 0.2390625
0 0.0671875 0.45546875 0.02265625 0.12890625
0 0.3 0.47421875 0.03671875 0.16875
0 0.83828125 0.546875 0.03984375 0.1234375