0 0.56875 0.54375 0.0734375 0.303125
0 0.91875 0.115625 0.0296875 0.13359375
0 0.4328125 0.540625 0.06484375 0.26171875
0 0.29765625 0.5484375 0.0625 0.22421875
0 0.63671875 0.171875 0.03046875 0.103125
0 0.46328125 0.47734375 0.05703125 0.1953125
0 0.69453125 0.496875 0.03984375 0.20390625
0 0.73046875 0.4828125 0.03515625 0.203125
0 0.33984375 0.496875 0.025 0.15859375
0 0.74921875 0.475 0.025 0.15703125
0 0.2375 0.534375 0.04921875 0.11171875
0 0.97421875 0.48359375 0.03671875 0.23828125
0 0.375 0.5171875 0.046875 0.14921875
0 0.95078125 0.45390625 0.02265625 0.12890625
0 0.18984375 0.54609375 0.0390625 0.11796875