0 0.91875 0.11640625 0.0296875 0.134375
0 0.57109375 0.496875 0.05625 0.20703125
0 0.7125 0.52421875 0.0703125 0.26796875
0 0.25 0.53984375 0.05546875 0.26484375
0 0.4515625 0.54296875 0.06015625 0.28359375
0 0.63671875 0.171875 0.03046875 0.103125
0 0.7921875 0.4984375 0.04765625 0.22109375
0 0.49375 0.49296875 0.04296875 0.190625
0 0.60703125 0.47890625 0.04921875 0.1390625
0 0.83671875 0.48359375 0.04765625 0.17109375
0 0.340625 0.4953125 0.03125 0.15703125
0 0.65546875 0.46640625 0.02890625 0.13203125
0 0.9328125 0.45546875 0.02265625 0.12890625
0 0.97421875 0.4828125 0.03671875 0.23984375
0 0.690625 0.48359375 0.03046875 0.17578125
0 0.1609375 0.546875 0.0390625 0.1234375