0 0.91875 0.115625 0.0296875 0.13359375
0 0.43046875 0.55625 0.06875 0.3234375
0 0.65546875 0.496875 0.06640625 0.21796875
0 0.49375 0.45859375 0.03359375 0.26171875
0 0.26328125 0.5375 0.0546875 0.26953125
0 0.76171875 0.521875 0.0609375 0.27421875
0 0.85 0.50625 0.06328125 0.22890625
0 0.63671875 0.171875 0.03046875 0.103125
0 0.51953125 0.48984375 0.03515625 0.17421875
0 0.7953125 0.4765625 0.03203125 0.15625
0 0.71328125 0.47890625 0.03828125 0.19453125
0 0.93203125 0.45390625 0.021875 0.12890625
0 0.3484375 0.49453125 0.02578125 0.15546875
0 0.9734375 0.48359375 0.0375 0.23828125
0 0.63125 0.47890625 0.02734375 0.1390625
0 0.68515625 0.46640625 0.03515625 0.13125