0 0.91875 0.115625 0.0296875 0.13359375
0 0.68828125 0.52890625 0.1 0.23125
0 0.46953125 0.54453125 0.059375 0.29140625
0 0.59765625 0.49921875 0.04921875 0.1984375
0 0.26015625 0.53671875 0.0484375 0.25859375
0 0.8078125 0.478125 0.03515625 0.18984375
0 0.63671875 0.171875 0.03046875 0.103125
0 0.515625 0.49921875 0.05 0.19453125
0 0.78515625 0.47265625 0.03125 0.1453125
0 0.390625 0.49609375 0.02890625 0.18359375
0 0.97421875 0.48359375 0.03828125 0.23984375
0 0.9328125 0.45390625 0.02265625 0.13046875
0 0.34921875 0.49453125 0.03046875 0.15625
0 0.57890625 0.48984375 0.034375 0.14296875