0 0.23125 0.67109375 0.17734375 0.653125
0 0.08125 0.115625 0.0296875 0.13359375
0 0.4 0.52265625 0.05078125 0.246875
0 0.5703125 0.50546875 0.04140625 0.209375
0 0.36328125 0.171875 0.03046875 0.103125
0 0.2953125 0.49453125 0.0390625 0.203125
0 0.65859375 0.49609375 0.02578125 0.15703125
0 0.603125 0.4984375 0.03046875 0.196875
0 0.7640625 0.534375 0.04453125 0.11171875
0 0.05546875 0.45390625 0.0234375 0.13046875
0 0.81171875 0.5453125 0.0453125 0.11640625
0 0.4625 0.53046875 0.04765625 0.22890625
0 0.02578125 0.48359375 0.03671875 0.2390625
0 0.8421875 0.5421875 0.04140625 0.13203125
0 0.421875 0.4734375 0.02578125 0.15