0 0.91875 0.115625 0.0296875 0.13359375
0 0.425 0.55625 0.07578125 0.32109375
0 0.71796875 0.48046875 0.05078125 0.1640625
0 0.675 0.50625 0.0828125 0.22578125
0 0.490625 0.55390625 0.06484375 0.259375
0 0.6234375 0.4984375 0.06640625 0.21875
0 0.63671875 0.171875 0.03046875 0.103125
0 0.34375 0.49609375 0.02421875 0.16015625
0 0.23515625 0.534375 0.04453125 0.11171875
0 0.97421875 0.48359375 0.0375 0.2390625
0 0.93203125 0.45546875 0.02265625 0.1296875
0 0.18671875 0.546875 0.0484375 0.11640625
0 0.465625 0.503125 0.04296875 0.22109375
0 0.15625 0.54296875 0.04453125 0.13359375