0 0.76875 0.67109375 0.17734375 0.653125
0 0.91875 0.115625 0.0296875 0.13359375
0 0.6 0.52265625 0.05078125 0.246875
0 0.4296875 0.50546875 0.04140625 0.209375
0 0.63671875 0.171875 0.03046875 0.103125
0 0.7046875 0.49453125 0.0390625 0.203125
0 0.34140625 0.49609375 0.02578125 0.15703125
0 0.396875 0.4984375 0.03046875 0.196875
0 0.2359375 0.534375 0.04453125 0.11171875
0 0.94453125 0.45390625 0.0234375 0.13046875
0 0.18828125 0.5453125 0.0453125 0.11640625
0 0.5375 0.53046875 0.04765625 0.22890625
0 0.97421875 0.48359375 0.03671875 0.2390625
0 0.1578125 0.5421875 0.04140625 0.13203125
0 0.578125 0.4734375 0.02578125 0.15