0 0.771875 0.4796875 0.06171875 0.1890625
0 0.4796875 0.55078125 0.06796875 0.303125
0 0.91875 0.115625 0.02890625 0.13359375
0 0.54765625 0.50703125 0.05859375 0.18515625
0 0.6546875 0.51640625 0.0640625 0.240625
0 0.25625 0.53359375 0.04765625 0.25546875
0 0.63671875 0.171875 0.03046875 0.103125
0 0.34921875 0.4984375 0.03828125 0.190625
0 0.68515625 0.46640625 0.03515625 0.134375
0 0.8 0.47421875 0.02890625 0.1484375
0 0.62109375 0.48359375 0.04453125 0.1796875
0 0.97421875 0.48359375 0.03828125 0.23828125
0 0.58046875 0.48203125 0.03203125 0.146875
0 0.9328125 0.45390625 0.02265625 0.13046875