0 0.49921875 0.571875 0.0859375 0.24140625
0 0.91875 0.115625 0.0296875 0.13359375
0 0.28125 0.54375 0.04453125 0.27578125
0 0.3203125 0.51171875 0.04765625 0.21171875
0 0.65546875 0.5765625 0.071875 0.2
0 0.7671875 0.52265625 0.04765625 0.1765625
0 0.61328125 0.47734375 0.03828125 0.1453125
0 0.63671875 0.171875 0.03046875 0.103125
0 0.97734375 0.48359375 0.04296875 0.240625
0 0.64296875 0.47578125 0.02109375 0.13125
0 0.23515625 0.5359375 0.04453125 0.11171875
0 0.93203125 0.45546875 0.021875 0.12890625
0 0.69765625 0.48359375 0.05546875 0.20546875
0 0.190625 0.546875 0.04140625 0.115625
0 0.1609375 0.546875 0.0375 0.12421875