0 0.91875 0.115625 0.0296875 0.13359375
0 0.409375 0.56875 0.0765625 0.33125
0 0.2734375 0.53671875 0.04765625 0.271875
0 0.7625 0.521875 0.06484375 0.271875
0 0.50546875 0.484375 0.03515625 0.23125
0 0.63671875 0.171875 0.03046875 0.103125
0 0.88203125 0.5046875 0.06015625 0.24296875
0 0.67890625 0.4921875 0.0609375 0.225
0 0.525 0.49453125 0.03203125 0.16640625
0 0.8015625 0.4796875 0.03671875 0.16484375
0 0.64296875 0.48203125 0.03828125 0.13984375
0 0.97578125 0.484375 0.03984375 0.23828125
0 0.715625 0.47890625 0.0359375 0.19609375
0 0.234375 0.53515625 0.04453125 0.1109375
0 0.3484375 0.49453125 0.02734375 0.15546875
0 0.93203125 0.453125 0.02265625 0.12578125
0 0.8578125 0.484375 0.02890625 0.18984375