0 0.08125 0.11640625 0.0296875 0.134375
0 0.45234375 0.58125 0.128125 0.2046875
0 0.6921875 0.534375 0.0609375 0.23515625
0 0.75625 0.5140625 0.05859375 0.21484375
0 0.5890625 0.53359375 0.0515625 0.26875
0 0.36328125 0.171875 0.03046875 0.103125
0 0.340625 0.48515625 0.04296875 0.19296875
0 0.528125 0.48828125 0.034375 0.1734375
0 0.271875 0.48671875 0.04453125 0.19140625
0 0.3109375 0.4984375 0.0390625 0.2046875
0 0.6609375 0.496875 0.0265625 0.15859375
0 0.02578125 0.48359375 0.03828125 0.23828125
0 0.61796875 0.5015625 0.0390625 0.203125
0 0.25 0.47578125 0.02109375 0.14921875
0 0.05 0.45390625 0.02265625 0.1296875