0 0.91875 0.115625 0.0296875 0.13359375
0 0.525 0.5015625 0.05546875 0.19296875
0 0.7890625 0.471875 0.03671875 0.1390625
0 0.34375 0.5140625 0.0421875 0.21796875
0 0.4296875 0.5296875 0.0640625 0.24609375
0 0.62734375 0.51640625 0.04453125 0.2234375
0 0.63671875 0.171875 0.03046875 0.103125
0 0.71796875 0.496875 0.03671875 0.13828125
0 0.68203125 0.5015625 0.05546875 0.203125
0 0.58984375 0.4828125 0.03359375 0.17890625
0 0.5484375 0.484375 0.03125 0.125
0 0.9328125 0.45546875 0.02265625 0.13046875
0 0.97421875 0.48359375 0.03671875 0.23828125
0 0.23515625 0.53515625 0.04296875 0.1109375
0 0.190625 0.546875 0.04140625 0.115625