0 0.565625 0.54296875 0.08125 0.31640625
0 0.08125 0.115625 0.0296875 0.13359375
0 0.4828125 0.5296875 0.059375 0.25390625
0 0.2609375 0.484375 0.04140625 0.1859375
0 0.709375 0.50859375 0.0359375 0.21328125
0 0.18203125 0.47109375 0.02578125 0.175
0 0.36328125 0.171875 0.03046875 0.103125
0 0.30546875 0.49609375 0.03046875 0.20390625
0 0.659375 0.49609375 0.02421875 0.15703125
0 0.54765625 0.5359375 0.0390625 0.265625
0 0.7640625 0.5359375 0.040625 0.109375
0 0.621875 0.49921875 0.034375 0.184375
0 0.02578125 0.48359375 0.03828125 0.2390625
0 0.07578125 0.4546875 0.02109375 0.1296875
0 0.22734375 0.471875 0.02890625 0.15390625
0 0.81171875 0.54453125 0.04140625 0.11953125
0 0.8390625 0.54453125 0.03984375 0.1265625