0 0.08125 0.115625 0.0296875 0.13359375
0 0.528125 0.54609375 0.0578125 0.2984375
0 0.403125 0.49609375 0.0421875 0.21171875
0 0.36328125 0.171875 0.03046875 0.103125
0 0.75625 0.5359375 0.04296875 0.2703125
0 0.47109375 0.4921875 0.03984375 0.1640625
0 0.16640625 0.48515625 0.04609375 0.18359375
0 0.31796875 0.484375 0.04140625 0.20078125
0 0.2484375 0.52265625 0.07109375 0.26953125
0 0.028125 0.4859375 0.03984375 0.2359375
0 0.384375 0.4796875 0.03203125 0.13359375
0 0.6515625 0.49453125 0.025 0.15625
0 0.23046875 0.46953125 0.06328125 0.23515625
0 0.06796875 0.4546875 0.021875 0.1296875
0 0.3390625 0.4671875 0.028125 0.1265625