0 0.75625 0.66796875 0.18359375 0.659375
0 0.91875 0.115625 0.0296875 0.13359375
0 0.5328125 0.5359375 0.05234375 0.21796875
0 0.6046875 0.521875 0.04765625 0.25
0 0.38828125 0.5015625 0.05078125 0.1953125
0 0.63671875 0.17109375 0.03046875 0.10390625
0 0.3421875 0.496875 0.02578125 0.15625
0 0.23515625 0.534375 0.04453125 0.11171875
0 0.97421875 0.48359375 0.03671875 0.2390625
0 0.1578125 0.5421875 0.03984375 0.13203125
0 0.1890625 0.5453125 0.04296875 0.11875
0 0.946875 0.45546875 0.02109375 0.13203125
0 0.43125 0.5046875 0.03828125 0.20546875