0 0.91875 0.11640625 0.0296875 0.134375
0 0.54296875 0.578125 0.12265625 0.21171875
0 0.478125 0.48828125 0.07421875 0.17421875
0 0.40234375 0.5375 0.05234375 0.275
0 0.64765625 0.48046875 0.04921875 0.1984375
0 0.63671875 0.171875 0.03046875 0.103125
0 0.7390625 0.48671875 0.0546875 0.1953125
0 0.2328125 0.5140625 0.04140625 0.215625
0 0.3109375 0.53125 0.05546875 0.2359375
0 0.68984375 0.50078125 0.03515625 0.203125
0 0.765625 0.47265625 0.03984375 0.14921875
0 0.37578125 0.51171875 0.03359375 0.20859375
0 0.97421875 0.48359375 0.03828125 0.2390625
0 0.95 0.453125 0.02265625 0.1265625
0 0.3390625 0.496875 0.0265625 0.15859375