0 0.7671875 0.6609375 0.14921875 0.671875
0 0.91875 0.115625 0.0296875 0.13359375
0 0.3484375 0.50546875 0.0546875 0.19921875
0 0.60234375 0.528125 0.0515625 0.2609375
0 0.52734375 0.55390625 0.0515625 0.1890625
0 0.43125 0.5015625 0.04296875 0.196875
0 0.63671875 0.17109375 0.03046875 0.10390625
0 0.5046875 0.4890625 0.034375 0.16875
0 0.23515625 0.53515625 0.04453125 0.1109375
0 0.1890625 0.5453125 0.0453125 0.11875
0 0.975 0.48359375 0.03515625 0.2390625
0 0.159375 0.54296875 0.040625 0.13125