0 0.91875 0.115625 0.0296875 0.13359375
0 0.3828125 0.578125 0.0609375 0.35390625
0 0.28203125 0.54375 0.04765625 0.26015625
0 0.55703125 0.49296875 0.046875 0.1703125
0 0.775 0.53046875 0.06328125 0.2734375
0 0.67265625 0.48125 0.04921875 0.14921875
0 0.5234375 0.5109375 0.03984375 0.2015625
0 0.63671875 0.171875 0.03046875 0.103125
0 0.86484375 0.50546875 0.059375 0.2265625
0 0.709375 0.4796875 0.04765625 0.2
0 0.8234375 0.4859375 0.04609375 0.178125
0 0.3390625 0.49765625 0.03203125 0.16015625
0 0.93203125 0.45390625 0.021875 0.13046875
0 0.978125 0.484375 0.0421875 0.23671875
0 0.23515625 0.534375 0.04296875 0.11171875