0 0.91875 0.115625 0.0296875 0.13359375
0 0.465625 0.56640625 0.0734375 0.36328125
0 0.63671875 0.17109375 0.0296875 0.10390625
0 0.58671875 0.50078125 0.07421875 0.21640625
0 0.3421875 0.4953125 0.0234375 0.159375
0 0.97421875 0.48359375 0.03828125 0.2390625
0 0.65546875 0.50703125 0.0765625 0.2265625
0 0.23515625 0.534375 0.04375 0.1109375
0 0.50859375 0.54296875 0.0453125 0.28125
0 0.72265625 0.47890625 0.0328125 0.16328125
0 0.18671875 0.546875 0.04921875 0.115625
0 0.15625 0.54140625 0.04296875 0.13359375
0 0.934375 0.45546875 0.02421875 0.128125