0 0.08125 0.115625 0.0296875 0.13359375
0 0.215625 0.475 0.04140625 0.14296875
0 0.3265625 0.4734375 0.03984375 0.12109375
0 0.39375 0.53125 0.06328125 0.26328125
0 0.25703125 0.496875 0.06015625 0.14140625
0 0.575 0.51171875 0.05546875 0.209375
0 0.73828125 0.51640625 0.06484375 0.1765625
0 0.7890625 0.53671875 0.04609375 0.25859375
0 0.36328125 0.171875 0.03046875 0.103125
0 0.503125 0.49609375 0.0390625 0.1609375
0 0.6515625 0.4953125 0.03046875 0.15703125
0 0.02578125 0.48359375 0.0375 0.23828125
0 0.0671875 0.45546875 0.02265625 0.1296875
0 0.4625 0.559375 0.07109375 0.3203125