0 0.91875 0.11640625 0.0296875 0.134375
0 0.73125 0.5203125 0.06171875 0.25390625
0 0.47109375 0.54375 0.06171875 0.29140625
0 0.59609375 0.49609375 0.05234375 0.21171875
0 0.8328125 0.4859375 0.05234375 0.16796875
0 0.784375 0.5046875 0.0671875 0.2296875
0 0.63671875 0.17109375 0.03046875 0.10390625
0 0.24296875 0.53671875 0.0421875 0.27109375
0 0.49453125 0.49296875 0.03125 0.19453125
0 0.346875 0.49453125 0.02265625 0.15625
0 0.6703125 0.48984375 0.03203125 0.17578125
0 0.9328125 0.4546875 0.02265625 0.1296875
0 0.971875 0.48359375 0.03828125 0.2390625
0 0.64765625 0.47265625 0.02578125 0.12890625