0 0.5515625 0.546875 0.06328125 0.3140625
0 0.91875 0.115625 0.02890625 0.13359375
0 0.43203125 0.53828125 0.06015625 0.26875
0 0.29765625 0.546875 0.0625 0.22578125
0 0.63671875 0.171875 0.03046875 0.103125
0 0.696875 0.49609375 0.0453125 0.2046875
0 0.665625 0.48203125 0.0390625 0.17578125
0 0.34296875 0.49609375 0.040625 0.159375
0 0.7390625 0.48125 0.0359375 0.20546875
0 0.97421875 0.48359375 0.03828125 0.2390625
0 0.95078125 0.453125 0.02265625 0.12890625
0 0.234375 0.5359375 0.04453125 0.11015625
0 0.375 0.51640625 0.04765625 0.1484375
0 0.19140625 0.54609375 0.03671875 0.11484375
0 0.29453125 0.5078125 0.03203125 0.21015625
0 0.48125 0.4875 0.07109375 0.1734375