0 0.6171875 0.5890625 0.11484375 0.48359375
0 0.91875 0.115625 0.0296875 0.13359375
0 0.50859375 0.55390625 0.0671875 0.190625
0 0.30859375 0.50703125 0.0375 0.2109375
0 0.41484375 0.49609375 0.03828125 0.1859375
0 0.8234375 0.465625 0.03671875 0.16328125
0 0.7203125 0.49609375 0.04921875 0.20625
0 0.63671875 0.171875 0.03046875 0.103125
0 0.7640625 0.4828125 0.03984375 0.18828125
0 0.234375 0.5359375 0.04375 0.11015625
0 0.48515625 0.48671875 0.02734375 0.16640625
0 0.97421875 0.48359375 0.03671875 0.2390625
0 0.9484375 0.45234375 0.0234375 0.12109375
0 0.6375 0.46484375 0.02734375 0.13671875
0 0.6984375 0.4703125 0.025 0.13671875
0 0.18984375 0.54453125 0.04296875 0.115625
0 0.3421875 0.496875 0.02265625 0.1546875
0 0.16171875 0.54453125 0.03984375 0.1265625