0 0.91875 0.115625 0.0296875 0.13359375
0 0.42734375 0.54140625 0.06171875 0.2734375
0 0.72109375 0.53203125 0.11328125 0.2765625
0 0.61484375 0.49453125 0.0609375 0.20625
0 0.23515625 0.54296875 0.04609375 0.26875
0 0.9046875 0.4796875 0.0546875 0.16484375
0 0.8125 0.47109375 0.03984375 0.15
0 0.75546875 0.46953125 0.046875 0.16796875
0 0.63671875 0.171875 0.03046875 0.103125
0 0.47265625 0.49453125 0.03046875 0.190625
0 0.3390625 0.49609375 0.0328125 0.15859375
0 0.97421875 0.48359375 0.03828125 0.2390625
0 0.93203125 0.44921875 0.02265625 0.1203125
0 0.49296875 0.484375 0.0328125 0.140625