0 0.5625 0.54453125 0.06796875 0.30390625
0 0.91875 0.115625 0.0296875 0.13359375
0 0.43203125 0.54140625 0.065625 0.2609375
0 0.29765625 0.54765625 0.0625 0.225
0 0.46484375 0.4765625 0.06015625 0.19609375
0 0.63671875 0.171875 0.03046875 0.103125
0 0.69375 0.496875 0.04140625 0.203125
0 0.73125 0.4828125 0.03515625 0.2046875
0 0.234375 0.5359375 0.05546875 0.109375
0 0.375 0.51640625 0.046875 0.1484375
0 0.33984375 0.496875 0.0265625 0.15859375
0 0.74921875 0.47421875 0.02421875 0.159375
0 0.975 0.4859375 0.0359375 0.234375
0 0.95078125 0.45546875 0.02265625 0.13046875
0 0.16328125 0.54765625 0.03828125 0.12109375
0 0.18984375 0.5453125 0.03828125 0.11640625