0 0.91875 0.115625 0.02890625 0.13359375
0 0.3765625 0.578125 0.05078125 0.35703125
0 0.521875 0.503125 0.04453125 0.21484375
0 0.27421875 0.5390625 0.05078125 0.2796875
0 0.63671875 0.17109375 0.03046875 0.10390625
0 0.5640625 0.48828125 0.03046875 0.18046875
0 0.7734375 0.53984375 0.07265625 0.28359375
0 0.721875 0.4765625 0.04296875 0.1984375
0 0.33203125 0.496875 0.0296875 0.1609375
0 0.83125 0.4984375 0.04921875 0.17421875
0 0.86796875 0.49296875 0.05078125 0.228125
0 0.684375 0.47578125 0.03515625 0.15859375
0 0.9328125 0.45390625 0.02265625 0.13046875
0 0.67109375 0.4640625 0.02421875 0.13984375