0 0.08125 0.11640625 0.0296875 0.134375
0 0.73203125 0.53671875 0.06640625 0.2484375
0 0.5796875 0.54296875 0.06171875 0.2765625
0 0.14140625 0.47734375 0.0578125 0.1859375
0 0.27109375 0.53671875 0.078125 0.28828125
0 0.42109375 0.496875 0.046875 0.2046875
0 0.36328125 0.171875 0.03046875 0.103125
0 0.528125 0.49453125 0.0484375 0.18515625
0 0.66796875 0.496875 0.0296875 0.1609375
0 0.384375 0.4765625 0.0328125 0.14375
0 0.19296875 0.4734375 0.02890625 0.14921875
0 0.2265625 0.496875 0.0453125 0.21015625
0 0.06796875 0.45546875 0.02265625 0.12890625
0 0.0234375 0.4828125 0.04140625 0.23984375
0 0.5046875 0.5 0.0234375 0.15
0 0.7671875 0.53515625 0.03828125 0.1109375
0 0.315625 0.48046875 0.03125 0.16015625
0 0.3328125 0.46171875 0.0171875 0.13125
0 0.809375 0.546875 0.04140625 0.11640625
0 0.83828125 0.546875 0.03984375 0.1234375