0 0.08125 0.11640625 0.0296875 0.134375
0 0.41484375 0.49921875 0.06640625 0.20546875
0 0.27578125 0.52421875 0.065625 0.25703125
0 0.5375 0.54296875 0.0625 0.2890625
0 0.7546875 0.53671875 0.04609375 0.27109375
0 0.20703125 0.5015625 0.04765625 0.228125
0 0.36328125 0.171875 0.03046875 0.103125
0 0.165625 0.484375 0.04921875 0.171875
0 0.3234375 0.48671875 0.04296875 0.18046875
0 0.5046875 0.49140625 0.03359375 0.19296875
0 0.653125 0.49453125 0.02421875 0.15546875
0 0.0671875 0.4546875 0.02265625 0.1296875
0 0.0265625 0.48359375 0.0375 0.2390625
0 0.3484375 0.46953125 0.028125 0.13046875
0 0.8390625 0.546875 0.0390625 0.1234375