0 0.91875 0.115625 0.0296875 0.13359375
0 0.571875 0.54375 0.0671875 0.303125
0 0.434375 0.540625 0.06171875 0.26171875
0 0.63671875 0.171875 0.03046875 0.103125
0 0.29765625 0.546875 0.06171875 0.225
0 0.690625 0.496875 0.03359375 0.20390625
0 0.375 0.5109375 0.04296875 0.159375
0 0.33984375 0.49609375 0.025 0.15859375
0 0.97421875 0.48359375 0.0375 0.2390625
0 0.72890625 0.48359375 0.0359375 0.20078125
0 0.95078125 0.45390625 0.02265625 0.1296875
0 0.18984375 0.54375 0.03984375 0.11953125
0 0.2375 0.53359375 0.05078125 0.1109375