0 0.08125 0.115625 0.0296875 0.13359375
0 0.1921875 0.471875 0.03203125 0.18203125
0 0.7078125 0.50859375 0.03359375 0.21328125
0 0.6046875 0.53984375 0.05625 0.309375
0 0.2703125 0.48515625 0.0359375 0.18515625
0 0.36328125 0.171875 0.03046875 0.103125
0 0.30703125 0.49609375 0.0375 0.2015625
0 0.2328125 0.4734375 0.03046875 0.15390625
0 0.54921875 0.53671875 0.04921875 0.26953125
0 0.0640625 0.45546875 0.0359375 0.12890625
0 0.51484375 0.5265625 0.04296875 0.2484375
0 0.6609375 0.49609375 0.02734375 0.15703125
0 0.76484375 0.53515625 0.04140625 0.1109375
0 0.02578125 0.48359375 0.0375 0.2390625
0 0.81015625 0.5453125 0.0390625 0.11640625
0 0.83828125 0.546875 0.03828125 0.121875
0 0.628125 0.5 0.02578125 0.18359375