0 0.91875 0.115625 0.0296875 0.13359375
0 0.23671875 0.54296875 0.04609375 0.2703125
0 0.434375 0.54921875 0.0625 0.27578125
0 0.90546875 0.4734375 0.05390625 0.178125
0 0.63671875 0.171875 0.03046875 0.103125
0 0.65234375 0.49296875 0.04140625 0.20703125
0 0.82578125 0.4703125 0.0375 0.15
0 0.48515625 0.49375 0.0375 0.19296875
0 0.33515625 0.49609375 0.028125 0.15703125
0 0.97421875 0.48359375 0.03828125 0.2390625
0 0.71953125 0.53671875 0.11640625 0.275
0 0.74609375 0.503125 0.06328125 0.20078125
0 0.76953125 0.46796875 0.0328125 0.17109375
0 0.49921875 0.4859375 0.02890625 0.13671875
0 0.93203125 0.4515625 0.0234375 0.125