0 0.08125 0.115625 0.0296875 0.13359375
0 0.590625 0.56875 0.0765625 0.33125
0 0.7265625 0.53671875 0.04765625 0.271875
0 0.2375 0.521875 0.06484375 0.271875
0 0.49453125 0.484375 0.03515625 0.23125
0 0.36328125 0.171875 0.03046875 0.103125
0 0.11796875 0.5046875 0.06015625 0.24296875
0 0.32109375 0.4921875 0.0609375 0.225
0 0.475 0.49453125 0.03203125 0.16640625
0 0.1984375 0.4796875 0.03671875 0.16484375
0 0.35703125 0.48203125 0.03828125 0.13984375
0 0.02421875 0.484375 0.03984375 0.23828125
0 0.284375 0.47890625 0.0359375 0.19609375
0 0.765625 0.53515625 0.04453125 0.1109375
0 0.6515625 0.49453125 0.02734375 0.15546875
0 0.06796875 0.453125 0.02265625 0.12578125
0 0.1421875 0.484375 0.02890625 0.18984375