0 0.23828125 0.553125 0.05859375 0.25625
0 0.43046875 0.5734375 0.11015625 0.309375
0 0.91875 0.115625 0.02890625 0.13359375
0 0.54453125 0.49140625 0.040625 0.165625
0 0.7515625 0.57109375 0.11171875 0.2453125
0 0.63671875 0.171875 0.03046875 0.103125
0 0.84921875 0.42265625 0.03515625 0.29140625
0 0.33359375 0.496875 0.0328125 0.1609375
0 0.45859375 0.51015625 0.0359375 0.18515625
0 0.6984375 0.4765625 0.04609375 0.1640625
0 0.88203125 0.45625 0.03515625 0.2203125
0 0.671875 0.46484375 0.02890625 0.1390625
0 0.7359375 0.46953125 0.0328125 0.1703125
0 0.9328125 0.45390625 0.02265625 0.13046875
0 0.978125 0.484375 0.04140625 0.2390625
0 0.77109375 0.45390625 0.04375 0.2265625