0 0.49921875 0.5859375 0.084375 0.2140625
0 0.91875 0.115625 0.0296875 0.13359375
0 0.3140625 0.540625 0.08125 0.28515625
0 0.56015625 0.48359375 0.03671875 0.159375
0 0.63671875 0.171875 0.03046875 0.103125
0 0.6796875 0.5234375 0.06953125 0.253125
0 0.3640625 0.50859375 0.0515625 0.21953125
0 0.77109375 0.49921875 0.0375 0.21484375
0 0.63984375 0.49453125 0.0453125 0.209375
0 0.93203125 0.45546875 0.021875 0.12890625
0 0.23515625 0.53515625 0.04453125 0.1109375
0 0.7328125 0.48203125 0.03984375 0.18671875
0 0.34296875 0.49609375 0.021875 0.16015625
0 0.975 0.48359375 0.03828125 0.2390625
0 0.190625 0.546875 0.03984375 0.115625
0 0.1609375 0.546875 0.03828125 0.1234375