0 0.76875 0.6703125 0.14921875 0.65390625
0 0.609375 0.525 0.05625 0.25703125
0 0.91875 0.115625 0.0296875 0.13359375
0 0.53046875 0.54765625 0.05 0.1953125
0 0.43046875 0.50078125 0.040625 0.2
0 0.63671875 0.171875 0.03046875 0.103125
0 0.35625 0.5015625 0.04453125 0.1984375
0 0.23515625 0.53515625 0.04453125 0.1109375
0 0.5109375 0.48359375 0.02109375 0.165625
0 0.34140625 0.49765625 0.021875 0.15625
0 0.97421875 0.48359375 0.03671875 0.2390625
0 0.15859375 0.5421875 0.0390625 0.13203125
0 0.7234375 0.496875 0.04453125 0.203125
0 0.1890625 0.5453125 0.04453125 0.11875