0 0.559375 0.5546875 0.0703125 0.3296875
0 0.91875 0.115625 0.0296875 0.13359375
0 0.40234375 0.53203125 0.06015625 0.28359375
0 0.2734375 0.54140625 0.04765625 0.24609375
0 0.63671875 0.171875 0.03046875 0.103125
0 0.7453125 0.48359375 0.04140625 0.20078125
0 0.4734375 0.48828125 0.03046875 0.17109375
0 0.30234375 0.50859375 0.034375 0.21171875
0 0.6890625 0.496875 0.03828125 0.2046875
0 0.975 0.48359375 0.0359375 0.2390625
0 0.234375 0.53515625 0.04296875 0.1109375
0 0.66875 0.48203125 0.03046875 0.175
0 0.34375 0.49609375 0.03984375 0.159375
0 0.7703125 0.475 0.03203125 0.16328125
0 0.9515625 0.453125 0.02421875 0.1296875
0 0.18984375 0.5453125 0.0390625 0.11640625