0 0.08125 0.115625 0.0296875 0.13359375
0 0.43203125 0.496875 0.046875 0.20625
0 0.5640625 0.54375 0.07578125 0.26953125
0 0.7296875 0.5328125 0.0609375 0.24921875
0 0.36328125 0.171875 0.03046875 0.103125
0 0.27265625 0.53828125 0.07890625 0.28203125
0 0.3890625 0.4765625 0.04140625 0.14375
0 0.2234375 0.4953125 0.04453125 0.21484375
0 0.18671875 0.4703125 0.0359375 0.1484375
0 0.52265625 0.49140625 0.0375 0.19140625
0 0.33671875 0.4640625 0.0296875 0.13515625
0 0.6671875 0.496875 0.03046875 0.1609375
0 0.02421875 0.48359375 0.03984375 0.2390625
0 0.14453125 0.48203125 0.03828125 0.17109375
0 0.06796875 0.45390625 0.02265625 0.12890625
0 0.76640625 0.534375 0.03984375 0.11171875
0 0.30625 0.47578125 0.046875 0.16171875
0 0.83828125 0.546875 0.03984375 0.1234375