0 0.24375 0.66796875 0.18359375 0.659375
0 0.08125 0.115625 0.0296875 0.13359375
0 0.4671875 0.5359375 0.05234375 0.21796875
0 0.3953125 0.521875 0.04765625 0.25
0 0.61171875 0.5015625 0.05078125 0.1953125
0 0.36328125 0.17109375 0.03046875 0.10390625
0 0.6578125 0.496875 0.02578125 0.15625
0 0.76484375 0.534375 0.04453125 0.11171875
0 0.02578125 0.48359375 0.03671875 0.2390625
0 0.8421875 0.5421875 0.03984375 0.13203125
0 0.8109375 0.5453125 0.04296875 0.11875
0 0.053125 0.45546875 0.02109375 0.13203125
0 0.56875 0.5046875 0.03828125 0.20546875