0 0.43046875 0.56171875 0.06328125 0.25
0 0.08125 0.115625 0.0296875 0.13359375
0 0.5640625 0.5390625 0.06171875 0.2609375
0 0.69765625 0.53671875 0.05234375 0.23828125
0 0.36328125 0.171875 0.03046875 0.103125
0 0.27890625 0.484375 0.0421875 0.1859375
0 0.30859375 0.496875 0.0375 0.20546875
0 0.61875 0.49375 0.0265625 0.19921875
0 0.6609375 0.496875 0.0265625 0.15859375
0 0.73125 0.509375 0.03046875 0.20859375
0 0.02578125 0.48359375 0.03828125 0.2390625
0 0.76328125 0.5359375 0.05078125 0.1140625
0 0.05 0.45390625 0.02265625 0.12890625
0 0.81015625 0.54453125 0.03984375 0.1203125
0 0.52265625 0.48046875 0.04375 0.1890625