0 0.91875 0.11640625 0.0296875 0.134375
0 0.4296875 0.54296875 0.08828125 0.23046875
0 0.78046875 0.47109375 0.040625 0.14296875
0 0.346875 0.51875 0.04609375 0.2203125
0 0.7171875 0.4890625 0.04296875 0.153125
0 0.6203125 0.5203125 0.06328125 0.20703125
0 0.68125 0.503125 0.05390625 0.2
0 0.53203125 0.50703125 0.05546875 0.18046875
0 0.63671875 0.171875 0.03046875 0.103125
0 0.5953125 0.47890625 0.03671875 0.18125
0 0.553125 0.4859375 0.03671875 0.1296875
0 0.97421875 0.484375 0.03671875 0.2390625
0 0.23515625 0.53515625 0.04375 0.1109375
0 0.9328125 0.45546875 0.02265625 0.13046875
0 0.190625 0.546875 0.04140625 0.11640625
0 0.16171875 0.546875 0.03984375 0.1234375