0 0.49921875 0.58203125 0.08515625 0.22109375
0 0.91875 0.115625 0.0296875 0.13359375
0 0.28671875 0.54296875 0.04921875 0.2796875
0 0.33203125 0.5109375 0.05390625 0.21953125
0 0.52734375 0.484375 0.03984375 0.1640625
0 0.67109375 0.54140625 0.05390625 0.25625
0 0.63671875 0.171875 0.03046875 0.103125
0 0.63203125 0.49375 0.03359375 0.209375
0 0.70703125 0.48125 0.04609375 0.20625
0 0.74375 0.48203125 0.03984375 0.18671875
0 0.93203125 0.45546875 0.021875 0.12890625
0 0.9765625 0.4828125 0.03984375 0.23984375
0 0.23515625 0.534375 0.04453125 0.11171875
0 0.190625 0.546875 0.04140625 0.115625
0 0.1609375 0.546875 0.0390625 0.121875
0 0.77109375 0.51953125 0.05390625 0.1765625