0 0.44609375 0.49609375 0.06796875 0.1984375
0 0.08125 0.115625 0.0296875 0.13359375
0 0.29765625 0.53046875 0.10234375 0.25078125
0 0.54765625 0.5390625 0.06328125 0.2765625
0 0.75 0.5390625 0.04765625 0.26328125
0 0.1515625 0.478125 0.03515625 0.18359375
0 0.1984375 0.471875 0.03828125 0.1515625
0 0.36328125 0.171875 0.03046875 0.103125
0 0.35 0.50078125 0.0609375 0.19921875
0 0.653125 0.49609375 0.0359375 0.159375
0 0.02578125 0.48359375 0.03828125 0.2390625
0 0.378125 0.4875 0.03984375 0.15078125
0 0.0671875 0.45390625 0.02265625 0.13046875
0 0.57421875 0.4953125 0.02109375 0.18515625
0 0.2796875 0.478125 0.04140625 0.16328125