0 0.49921875 0.57578125 0.08515625 0.234375
0 0.91875 0.115625 0.02890625 0.13359375
0 0.32421875 0.5140625 0.05546875 0.20703125
0 0.28125 0.5484375 0.0484375 0.26640625
0 0.65859375 0.57578125 0.07421875 0.203125
0 0.76640625 0.51875 0.04453125 0.18515625
0 0.61328125 0.47734375 0.03828125 0.146875
0 0.63671875 0.171875 0.03046875 0.103125
0 0.64140625 0.5015625 0.0421875 0.18515625
0 0.70390625 0.47890625 0.04453125 0.209375
0 0.97734375 0.48359375 0.04296875 0.240625
0 0.23515625 0.53515625 0.04453125 0.11328125
0 0.93203125 0.4546875 0.021875 0.128125
0 0.40625 0.50703125 0.03671875 0.08046875
0 0.190625 0.546875 0.04140625 0.115625
0 0.1609375 0.546875 0.0375 0.12421875
0 0.39296875 0.50703125 0.0359375 0.09375
0 0.51171875 0.453125 0.03671875 0.0984375