0 0.91875 0.115625 0.0296875 0.13359375
0 0.46328125 0.540625 0.05546875 0.27578125
0 0.7015625 0.528125 0.10234375 0.246875
0 0.25859375 0.5390625 0.05 0.26015625
0 0.5390625 0.50078125 0.0515625 0.18828125
0 0.82265625 0.48046875 0.0546875 0.1796875
0 0.63125 0.49765625 0.05390625 0.19921875
0 0.4109375 0.496875 0.05234375 0.18203125
0 0.63671875 0.171875 0.03046875 0.103125
0 0.59921875 0.48671875 0.03828125 0.146875
0 0.79296875 0.47421875 0.0359375 0.15
0 0.3484375 0.49453125 0.03203125 0.15703125
0 0.97421875 0.48359375 0.03828125 0.23984375
0 0.9328125 0.45390625 0.02265625 0.13046875
0 0.190625 0.546875 0.04140625 0.115625
0 0.16171875 0.546875 0.03984375 0.1234375
0 0.7046875 0.47265625 0.03515625 0.16015625