0 0.08125 0.115625 0.0296875 0.13359375
0 0.48046875 0.55625 0.08203125 0.31953125
0 0.58984375 0.54453125 0.04609375 0.2734375
0 0.3078125 0.49609375 0.04453125 0.20546875
0 0.36328125 0.171875 0.03046875 0.103125
0 0.24140625 0.4796875 0.03125 0.19296875
0 0.62421875 0.5171875 0.04609375 0.14921875
0 0.76484375 0.53515625 0.04296875 0.1109375
0 0.68203125 0.5296875 0.04453125 0.23515625
0 0.02578125 0.48359375 0.0390625 0.2390625
0 0.70234375 0.50859375 0.028125 0.21328125
0 0.32890625 0.48359375 0.02890625 0.17890625
0 0.52109375 0.48828125 0.02421875 0.16875
0 0.05 0.453125 0.0234375 0.1265625
0 0.80859375 0.54609375 0.0359375 0.11484375
0 0.83515625 0.5484375 0.0390625 0.1203125
0 0.6609375 0.49609375 0.0234375 0.159375