0 0.5921875 0.5546875 0.09140625 0.3015625
0 0.91875 0.115625 0.0296875 0.13359375
0 0.73359375 0.49140625 0.04921875 0.153125
0 0.22734375 0.53828125 0.075 0.25546875
0 0.78359375 0.478125 0.04375 0.13671875
0 0.67734375 0.47421875 0.0484375 0.121875
0 0.50703125 0.4953125 0.03671875 0.16328125
0 0.40859375 0.51640625 0.05234375 0.22109375
0 0.63671875 0.171875 0.03046875 0.103125
0 0.3390625 0.49609375 0.0328125 0.159375
0 0.97421875 0.48359375 0.03671875 0.23828125
0 0.93203125 0.45546875 0.02265625 0.128125