0 0.08125 0.115625 0.0296875 0.13359375
0 0.44609375 0.55546875 0.06796875 0.23359375
0 0.7140625 0.52890625 0.06015625 0.23671875
0 0.3828125 0.484375 0.04453125 0.1859375
0 0.5390625 0.5109375 0.05546875 0.20546875
0 0.36328125 0.171875 0.03046875 0.103125
0 0.30625 0.51015625 0.05703125 0.19453125
0 0.27109375 0.48828125 0.04609375 0.1609375
0 0.240625 0.471875 0.03203125 0.1453125
0 0.51171875 0.4859375 0.03828125 0.15703125
0 0.02578125 0.48359375 0.0375 0.23828125
0 0.64453125 0.50859375 0.04921875 0.18515625
0 0.06796875 0.45546875 0.02265625 0.1296875
0 0.76484375 0.53515625 0.04375 0.1109375
0 0.4265625 0.484375 0.03515625 0.159375
0 0.66875 0.49609375 0.02265625 0.15703125
0 0.809375 0.546875 0.040625 0.115625