0 0.434375 0.54375 0.07734375 0.303125
0 0.08125 0.115625 0.0296875 0.13359375
0 0.5671875 0.54140625 0.06640625 0.259375
0 0.70234375 0.5484375 0.06171875 0.22421875
0 0.36328125 0.171875 0.03046875 0.103125
0 0.3046875 0.49609375 0.04453125 0.20390625
0 0.53671875 0.47734375 0.05703125 0.1953125
0 0.26875 0.4828125 0.03515625 0.2046875
0 0.25078125 0.47421875 0.02421875 0.15859375
0 0.66015625 0.49609375 0.02578125 0.159375
0 0.02578125 0.484375 0.0375 0.2359375
0 0.625 0.5171875 0.04765625 0.14921875
0 0.76640625 0.53515625 0.05859375 0.1109375
0 0.04921875 0.45546875 0.02265625 0.13046875
0 0.83671875 0.54765625 0.0375 0.12109375
0 0.81015625 0.5453125 0.03828125 0.11640625