0 0.08125 0.115625 0.0296875 0.13359375
0 0.5671875 0.54375 0.06328125 0.25703125
0 0.4359375 0.54609375 0.0640625 0.30859375
0 0.70234375 0.54765625 0.0625 0.225
0 0.36328125 0.171875 0.03046875 0.103125
0 0.3125 0.49609375 0.0421875 0.20546875
0 0.2671875 0.48203125 0.03203125 0.20546875
0 0.33671875 0.4828125 0.03046875 0.175
0 0.76328125 0.5359375 0.0375 0.11015625
0 0.24921875 0.4734375 0.02265625 0.16015625
0 0.66015625 0.49609375 0.02734375 0.159375
0 0.625 0.51640625 0.04609375 0.1484375
0 0.025 0.48359375 0.03671875 0.2390625
0 0.04921875 0.45390625 0.02265625 0.13046875
0 0.528125 0.4890625 0.0328125 0.1703125
0 0.809375 0.54609375 0.0375 0.115625