0 0.215625 0.66953125 0.23828125 0.65390625
0 0.08125 0.115625 0.0296875 0.13359375
0 0.46953125 0.53984375 0.05390625 0.2109375
0 0.38984375 0.521875 0.053125 0.253125
0 0.62578125 0.50078125 0.03046875 0.1984375
0 0.56875 0.50625 0.03828125 0.203125
0 0.6578125 0.496875 0.0234375 0.15546875
0 0.36328125 0.171875 0.03046875 0.103125
0 0.76484375 0.534375 0.04453125 0.11171875
0 0.8109375 0.5453125 0.0453125 0.11875
0 0.05078125 0.45 0.02109375 0.12421875
0 0.28046875 0.49609375 0.04375 0.2046875
0 0.025 0.48359375 0.0359375 0.2390625
0 0.84140625 0.5421875 0.03984375 0.13203125