0 0.08125 0.115625 0.0296875 0.13359375
0 0.54375 0.5484375 0.065625 0.303125
0 0.31328125 0.490625 0.090625 0.18984375
0 0.4 0.50078125 0.05390625 0.21015625
0 0.75390625 0.5359375 0.03984375 0.2734375
0 0.36328125 0.171875 0.03046875 0.103125
0 0.4734375 0.49296875 0.04375 0.16875
0 0.2359375 0.52265625 0.0671875 0.2734375
0 0.16875 0.4859375 0.0546875 0.19921875
0 0.06796875 0.4546875 0.021875 0.1296875
0 0.51953125 0.49609375 0.02421875 0.20546875
0 0.65078125 0.49453125 0.0265625 0.15546875
0 0.0265625 0.48359375 0.0375 0.23984375