0 0.91875 0.115625 0.0296875 0.13359375
0 0.446875 0.55078125 0.0546875 0.27890625
0 0.25625 0.546875 0.0515625 0.2515625
0 0.51328125 0.48671875 0.03125 0.16171875
0 0.63828125 0.503125 0.04609375 0.1859375
0 0.33046875 0.496875 0.028125 0.1609375
0 0.4140625 0.5015625 0.04609375 0.190625
0 0.7859375 0.48828125 0.0546875 0.16953125
0 0.97734375 0.48359375 0.04140625 0.240625
0 0.6796875 0.475 0.03984375 0.2015625
0 0.63671875 0.171875 0.03046875 0.103125
0 0.7421875 0.57109375 0.1359375 0.215625
0 0.9328125 0.45546875 0.02265625 0.1296875
0 0.1609375 0.546875 0.03828125 0.1234375
0 0.190625 0.54609375 0.04140625 0.11640625
0 0.6171875 0.47734375 0.03046875 0.1453125
0 0.22734375 0.5359375 0.02890625 0.11171875