0 0.91875 0.115625 0.0296875 0.13359375
0 0.43828125 0.5453125 0.0546875 0.28515625
0 0.2390625 0.54453125 0.05078125 0.265625
0 0.66796875 0.49453125 0.05859375 0.21015625
0 0.89921875 0.48359375 0.05078125 0.178125
0 0.8265625 0.47265625 0.04140625 0.1453125
0 0.72421875 0.53828125 0.11328125 0.271875
0 0.63671875 0.171875 0.03046875 0.103125
0 0.484375 0.50703125 0.03984375 0.1765625
0 0.33515625 0.49609375 0.028125 0.159375
0 0.5015625 0.4875 0.034375 0.13828125
0 0.975 0.48359375 0.0390625 0.23984375
0 0.765625 0.503125 0.0609375 0.2
0 0.9328125 0.453125 0.02265625 0.12890625