0 0.4375 0.54453125 0.06796875 0.30390625
0 0.08125 0.115625 0.0296875 0.13359375
0 0.56796875 0.54140625 0.065625 0.2609375
0 0.70234375 0.54765625 0.0625 0.225
0 0.53515625 0.4765625 0.06015625 0.19609375
0 0.36328125 0.171875 0.03046875 0.103125
0 0.30625 0.496875 0.04140625 0.203125
0 0.26875 0.4828125 0.03515625 0.2046875
0 0.765625 0.5359375 0.05546875 0.109375
0 0.625 0.51640625 0.046875 0.1484375
0 0.66015625 0.496875 0.0265625 0.15859375
0 0.25078125 0.47421875 0.02421875 0.159375
0 0.025 0.4859375 0.0359375 0.234375
0 0.04921875 0.45546875 0.02265625 0.13046875
0 0.83671875 0.54765625 0.03828125 0.12109375
0 0.81015625 0.5453125 0.03828125 0.11640625