0 0.434375 0.54296875 0.08125 0.31640625
0 0.91875 0.115625 0.0296875 0.13359375
0 0.5171875 0.5296875 0.059375 0.25390625
0 0.7390625 0.484375 0.04140625 0.1859375
0 0.290625 0.50859375 0.0359375 0.21328125
0 0.81796875 0.47109375 0.02578125 0.175
0 0.63671875 0.171875 0.03046875 0.103125
0 0.69453125 0.49609375 0.03046875 0.20390625
0 0.340625 0.49609375 0.02421875 0.15703125
0 0.45234375 0.5359375 0.0390625 0.265625
0 0.2359375 0.5359375 0.040625 0.109375
0 0.378125 0.49921875 0.034375 0.184375
0 0.97421875 0.48359375 0.03828125 0.2390625
0 0.92421875 0.4546875 0.02109375 0.1296875
0 0.77265625 0.471875 0.02890625 0.15390625
0 0.18828125 0.54453125 0.04140625 0.11953125
0 0.1609375 0.54453125 0.03984375 0.1265625