0 0.91875 0.115625 0.0296875 0.13203125
0 0.7390625 0.5546875 0.14609375 0.2484375
0 0.25234375 0.540625 0.04921875 0.2515625
0 0.4375 0.546875 0.05234375 0.28359375
0 0.671875 0.48828125 0.05234375 0.17578125
0 0.509375 0.48671875 0.03046875 0.16484375
0 0.63671875 0.17109375 0.03046875 0.10390625
0 0.8125 0.48515625 0.0640625 0.17578125
0 0.3296875 0.496875 0.02734375 0.1609375
0 0.63203125 0.49921875 0.0578125 0.19375
0 0.97734375 0.48203125 0.0421875 0.240625
0 0.9328125 0.4546875 0.02265625 0.128125
0 0.78828125 0.48046875 0.0359375 0.15078125
0 0.1609375 0.546875 0.03828125 0.1234375
0 0.190625 0.54609375 0.04140625 0.115625
0 0.7453125 0.5015625 0.034375 0.18984375