0 0.34921875 0.61171875 0.1171875 0.5484375
0 0.08125 0.115625 0.02890625 0.13359375
0 0.2328125 0.4765625 0.03515625 0.16015625
0 0.36328125 0.171875 0.03046875 0.103125
0 0.653125 0.49609375 0.03671875 0.15859375
0 0.76484375 0.534375 0.04453125 0.11171875
0 0.30078125 0.478125 0.03828125 0.15390625
0 0.02578125 0.48359375 0.03828125 0.2390625
0 0.84296875 0.54140625 0.04140625 0.13359375
0 0.06640625 0.45703125 0.02421875 0.13359375
0 0.48359375 0.503125 0.03515625 0.2046875
0 0.42890625 0.4828125 0.03203125 0.1765625
0 0.8109375 0.546875 0.04453125 0.115625
0 0.4484375 0.5328125 0.07421875 0.26796875