0 0.5515625 0.5734375 0.11953125 0.21875
0 0.91875 0.11640625 0.0296875 0.134375
0 0.30703125 0.5359375 0.0625 0.2390625
0 0.425 0.5359375 0.05078125 0.265625
0 0.47578125 0.48203125 0.053125 0.1859375
0 0.63671875 0.171875 0.03046875 0.103125
0 0.265625 0.509375 0.03828125 0.215625
0 0.38359375 0.5015625 0.0359375 0.20078125
0 0.3390625 0.496875 0.02734375 0.15859375
0 0.66953125 0.484375 0.03671875 0.19375
0 0.97421875 0.48359375 0.03828125 0.23828125
0 0.69375 0.4984375 0.03671875 0.20546875
0 0.2328125 0.5359375 0.04296875 0.11484375
0 0.95 0.45390625 0.02265625 0.12890625
0 0.18984375 0.54453125 0.03828125 0.11953125