0 0.42890625 0.54375 0.06796875 0.303125
0 0.08125 0.115625 0.0296875 0.13359375
0 0.56484375 0.5390625 0.06328125 0.2609375
0 0.70078125 0.54453125 0.06015625 0.23125
0 0.36328125 0.171875 0.03046875 0.103125
0 0.309375 0.496875 0.0328125 0.20546875
0 0.52578125 0.47890625 0.0359375 0.19140625
0 0.62265625 0.509375 0.03203125 0.16640625
0 0.0265625 0.48359375 0.0375 0.2390625
0 0.66015625 0.496875 0.025 0.15859375
0 0.04921875 0.45390625 0.02265625 0.1296875
0 0.27890625 0.48984375 0.04609375 0.190625
0 0.70625 0.50703125 0.03203125 0.2140625
0 0.77421875 0.53515625 0.07421875 0.11484375