0 0.65078125 0.61171875 0.1171875 0.5484375
0 0.91875 0.115625 0.02890625 0.13359375
0 0.7671875 0.4765625 0.03515625 0.16015625
0 0.63671875 0.171875 0.03046875 0.103125
0 0.346875 0.49609375 0.03671875 0.15859375
0 0.23515625 0.534375 0.04453125 0.11171875
0 0.69921875 0.478125 0.03828125 0.15390625
0 0.97421875 0.48359375 0.03828125 0.2390625
0 0.15703125 0.54140625 0.04140625 0.13359375
0 0.93359375 0.45703125 0.02421875 0.13359375
0 0.51640625 0.503125 0.03515625 0.2046875
0 0.57109375 0.4828125 0.03203125 0.1765625
0 0.1890625 0.546875 0.04453125 0.115625
0 0.5515625 0.5328125 0.07421875 0.26796875