0 0.91875 0.115625 0.0296875 0.13359375
0 0.2375 0.540625 0.04921875 0.26484375
0 0.60078125 0.49453125 0.05703125 0.2
0 0.43828125 0.54140625 0.06796875 0.27109375
0 0.8875 0.48125 0.06796875 0.16875
0 0.80625 0.47109375 0.0390625 0.1515625
0 0.63671875 0.171875 0.03046875 0.103125
0 0.75078125 0.475 0.0515625 0.16484375
0 0.4875 0.48515625 0.03515625 0.140625
0 0.33984375 0.496875 0.03125 0.15859375
0 0.97421875 0.48359375 0.03828125 0.23984375
0 0.4609375 0.49296875 0.03203125 0.1859375
0 0.71796875 0.53125 0.115625 0.271875
0 0.93203125 0.45390625 0.02265625 0.13046875