0 0.23984375 0.54765625 0.06015625 0.26015625
0 0.91875 0.115625 0.02890625 0.13359375
0 0.73828125 0.54296875 0.12421875 0.27421875
0 0.4453125 0.55078125 0.065625 0.28671875
0 0.90625 0.48203125 0.04921875 0.18125
0 0.834375 0.48203125 0.046875 0.1296875
0 0.63671875 0.171875 0.03046875 0.103125
0 0.509375 0.48828125 0.03984375 0.1390625
0 0.78203125 0.50703125 0.07890625 0.1859375
0 0.33515625 0.496875 0.028125 0.15859375
0 0.97578125 0.48359375 0.040625 0.240625
0 0.47265625 0.49921875 0.0375 0.19296875
0 0.69453125 0.490625 0.04140625 0.21328125
0 0.9328125 0.45390625 0.021875 0.13046875
0 0.16171875 0.546875 0.03984375 0.1234375