0 0.91875 0.11640625 0.0296875 0.134375
0 0.26796875 0.53671875 0.06640625 0.2484375
0 0.4203125 0.54296875 0.06171875 0.2765625
0 0.85859375 0.47734375 0.0578125 0.1859375
0 0.72890625 0.53671875 0.078125 0.28828125
0 0.57890625 0.496875 0.046875 0.2046875
0 0.63671875 0.171875 0.03046875 0.103125
0 0.471875 0.49453125 0.0484375 0.18515625
0 0.33203125 0.496875 0.0296875 0.1609375
0 0.615625 0.4765625 0.0328125 0.14375
0 0.80703125 0.4734375 0.02890625 0.14921875
0 0.7734375 0.496875 0.0453125 0.21015625
0 0.93203125 0.45546875 0.02265625 0.12890625
0 0.9765625 0.4828125 0.04140625 0.23984375
0 0.4953125 0.5 0.0234375 0.15
0 0.2328125 0.53515625 0.03828125 0.1109375
0 0.684375 0.48046875 0.03125 0.16015625
0 0.6671875 0.46171875 0.0171875 0.13125
0 0.190625 0.546875 0.04140625 0.11640625
0 0.16171875 0.546875 0.03984375 0.1234375