0 0.575 0.55703125 0.06484375 0.334375
0 0.91875 0.115625 0.0296875 0.13359375
0 0.425 0.5328125 0.06171875 0.2765625
0 0.728125 0.496875 0.0515625 0.17421875
0 0.63671875 0.171875 0.03046875 0.103125
0 0.69453125 0.49609375 0.04140625 0.20546875
0 0.665625 0.48359375 0.04140625 0.178125
0 0.29921875 0.50859375 0.03828125 0.2140625
0 0.47421875 0.48828125 0.03046875 0.171875
0 0.3390625 0.49609375 0.02890625 0.159375
0 0.37578125 0.51640625 0.04609375 0.1484375
0 0.97421875 0.48359375 0.03671875 0.2390625
0 0.95078125 0.45234375 0.02265625 0.1265625
0 0.26015625 0.540625 0.06796875 0.246875