0 0.91875 0.11640625 0.0296875 0.134375
0 0.71640625 0.5296875 0.0765625 0.2703125
0 0.56796875 0.49609375 0.06171875 0.209375
0 0.45234375 0.5421875 0.05625 0.2765625
0 0.25234375 0.53515625 0.0515625 0.25390625
0 0.63671875 0.17109375 0.03046875 0.10390625
0 0.7875 0.496875 0.04453125 0.225
0 0.6140625 0.478125 0.0328125 0.13984375
0 0.49296875 0.49375 0.04765625 0.190625
0 0.8375 0.484375 0.04765625 0.1703125
0 0.6546875 0.465625 0.0296875 0.13125
0 0.33984375 0.4984375 0.03203125 0.159375
0 0.97421875 0.48359375 0.03671875 0.2390625
0 0.9328125 0.4546875 0.02265625 0.128125
0 0.69609375 0.48359375 0.03046875 0.16875
0 0.16171875 0.546875 0.03984375 0.1234375
0 0.81640625 0.46796875 0.025 0.1453125