0 0.91875 0.115625 0.0296875 0.13359375
0 0.79375 0.478125 0.03828125 0.18203125
0 0.37421875 0.53828125 0.05390625 0.30078125
0 0.68671875 0.496875 0.03046875 0.2046875
0 0.63671875 0.171875 0.03046875 0.103125
0 0.30078125 0.50859375 0.0359375 0.21171875
0 0.465625 0.540625 0.07109375 0.26953125
0 0.7171875 0.4859375 0.03828125 0.18359375
0 0.4328125 0.52890625 0.03046875 0.23828125
0 0.23515625 0.53515625 0.0421875 0.1109375
0 0.94765625 0.4515625 0.02265625 0.12109375
0 0.97421875 0.48359375 0.0375 0.2390625
0 0.3359375 0.496875 0.02578125 0.15859375
0 0.7609375 0.4734375 0.02421875 0.15625
0 0.4796875 0.48515625 0.02421875 0.1609375