0 0.08125 0.115625 0.02890625 0.13203125
0 0.559375 0.55546875 0.0734375 0.36171875
0 0.2828125 0.47890625 0.0515625 0.16484375
0 0.36328125 0.17109375 0.03046875 0.103125
0 0.40078125 0.4984375 0.06484375 0.221875
0 0.50625 0.54609375 0.06015625 0.27578125
0 0.76484375 0.53359375 0.04453125 0.1109375
0 0.33671875 0.50625 0.078125 0.2265625
0 0.65703125 0.4953125 0.0234375 0.159375
0 0.02578125 0.4828125 0.03671875 0.23828125
0 0.0671875 0.45546875 0.02265625 0.1296875
0 0.8125 0.54375 0.04765625 0.11171875
0 0.84375 0.540625 0.04375 0.13125