0 0.91875 0.115625 0.0296875 0.13359375
0 0.52890625 0.55703125 0.06328125 0.33046875
0 0.415625 0.5390625 0.046875 0.26640625
0 0.69765625 0.49609375 0.046875 0.2046875
0 0.63671875 0.171875 0.03046875 0.103125
0 0.66328125 0.48359375 0.04453125 0.1796875
0 0.28828125 0.5375 0.03984375 0.24140625
0 0.7453125 0.48125 0.03046875 0.19453125
0 0.478125 0.48828125 0.03125 0.17109375
0 0.3390625 0.49609375 0.02421875 0.159375
0 0.37578125 0.51640625 0.04609375 0.1484375
0 0.234375 0.53515625 0.04296875 0.1109375
0 0.975 0.48359375 0.03828125 0.2390625
0 0.95 0.45234375 0.02578125 0.1265625
0 0.7828125 0.45703125 0.02265625 0.10546875
0 0.76640625 0.47421875 0.02578125 0.1609375
0 0.3046875 0.5078125 0.02734375 0.20859375