0 0.3484375 0.42734375 0.04375 0.265625
0 0.08125 0.115625 0.02890625 0.13359375
0 0.5171875 0.55859375 0.06953125 0.25078125
0 0.72421875 0.54921875 0.05 0.24375
0 0.2953125 0.55390625 0.09453125 0.246875
0 0.6453125 0.51796875 0.0484375 0.1984375
0 0.36328125 0.171875 0.03046875 0.103125
0 0.3875 0.4765625 0.0375 0.14609375
0 0.484375 0.4828125 0.0390625 0.16015625
0 0.6703125 0.49765625 0.02421875 0.16171875
0 0.06796875 0.45546875 0.02265625 0.12890625
0 0.02265625 0.48359375 0.04140625 0.240625
0 0.23828125 0.509375 0.04296875 0.2
0 0.7671875 0.53515625 0.03984375 0.11328125
0 0.22109375 0.47890625 0.02890625 0.1703125
0 0.809375 0.546875 0.04140625 0.115625
0 0.8390625 0.546875 0.03828125 0.1234375