0 0.6515625 0.42734375 0.04375 0.265625
0 0.91875 0.115625 0.02890625 0.13359375
0 0.4828125 0.55859375 0.06953125 0.25078125
0 0.27578125 0.54921875 0.05 0.24375
0 0.7046875 0.55390625 0.09453125 0.246875
0 0.3546875 0.51796875 0.0484375 0.1984375
0 0.63671875 0.171875 0.03046875 0.103125
0 0.6125 0.4765625 0.0375 0.14609375
0 0.515625 0.4828125 0.0390625 0.16015625
0 0.3296875 0.49765625 0.02421875 0.16171875
0 0.93203125 0.45546875 0.02265625 0.12890625
0 0.97734375 0.48359375 0.04140625 0.240625
0 0.76171875 0.509375 0.04296875 0.2
0 0.2328125 0.53515625 0.03984375 0.11328125
0 0.77890625 0.47890625 0.02890625 0.1703125
0 0.190625 0.546875 0.04140625 0.115625
0 0.1609375 0.546875 0.03828125 0.1234375