0 0.91875 0.115625 0.0296875 0.13359375
0 0.3890625 0.57265625 0.06875 0.346875
0 0.28203125 0.540625 0.0484375 0.265625
0 0.525 0.503125 0.05546875 0.203125
0 0.778125 0.52578125 0.06015625 0.2796875
0 0.8796875 0.50390625 0.06953125 0.2390625
0 0.63671875 0.171875 0.03046875 0.103125
0 0.55234375 0.49296875 0.05234375 0.1703125
0 0.6640625 0.48125 0.0453125 0.146875
0 0.7328125 0.49453125 0.05078125 0.21171875
0 0.8203125 0.48359375 0.046875 0.17890625
0 0.340625 0.496875 0.03203125 0.159375
0 0.978125 0.484375 0.04296875 0.2390625
0 0.23515625 0.53515625 0.04375 0.1109375
0 0.70625 0.48046875 0.0390625 0.2
0 0.190625 0.546875 0.04140625 0.115625
0 0.85859375 0.484375 0.03359375 0.1953125
0 0.16171875 0.546875 0.03984375 0.125