0 0.08125 0.115625 0.0296875 0.13359375
0 0.56953125 0.55625 0.06875 0.3234375
0 0.34453125 0.496875 0.06640625 0.21796875
0 0.50625 0.45859375 0.03359375 0.26171875
0 0.73671875 0.5375 0.0546875 0.26953125
0 0.23828125 0.521875 0.0609375 0.27421875
0 0.15 0.50625 0.06328125 0.22890625
0 0.36328125 0.171875 0.03046875 0.103125
0 0.48046875 0.48984375 0.03515625 0.17421875
0 0.2046875 0.4765625 0.03203125 0.15625
0 0.28671875 0.47890625 0.03828125 0.19453125
0 0.06796875 0.45390625 0.021875 0.12890625
0 0.6515625 0.49453125 0.02578125 0.15546875
0 0.0265625 0.48359375 0.0375 0.23828125
0 0.36875 0.47890625 0.02734375 0.1390625
0 0.31484375 0.46640625 0.03515625 0.13125