0 0.2328125 0.6609375 0.14921875 0.671875
0 0.08125 0.115625 0.0296875 0.13359375
0 0.6515625 0.50546875 0.0546875 0.19921875
0 0.39765625 0.528125 0.0515625 0.2609375
0 0.47265625 0.55390625 0.0515625 0.1890625
0 0.56875 0.5015625 0.04296875 0.196875
0 0.36328125 0.17109375 0.03046875 0.10390625
0 0.4953125 0.4890625 0.034375 0.16875
0 0.76484375 0.53515625 0.04453125 0.1109375
0 0.8109375 0.5453125 0.0453125 0.11875
0 0.025 0.48359375 0.03515625 0.2390625
0 0.840625 0.54296875 0.040625 0.13125