0 0.55546875 0.5578125 0.078125 0.334375
0 0.91875 0.115625 0.0296875 0.13359375
0 0.42890625 0.53671875 0.053125 0.26875
0 0.7328125 0.48671875 0.046875 0.18828125
0 0.26953125 0.53671875 0.05234375 0.246875
0 0.63671875 0.171875 0.03046875 0.103125
0 0.30078125 0.50859375 0.03671875 0.21171875
0 0.69609375 0.49609375 0.04296875 0.20390625
0 0.76875 0.4734375 0.02734375 0.15859375
0 0.6703125 0.48203125 0.03671875 0.1796875
0 0.47421875 0.4890625 0.03046875 0.1703125
0 0.3390625 0.49609375 0.025 0.159375
0 0.3765625 0.51640625 0.04609375 0.14921875
0 0.234375 0.53515625 0.04296875 0.1109375
0 0.97578125 0.48359375 0.03515625 0.2390625
0 0.9515625 0.45390625 0.0234375 0.128125