0 0.57109375 0.5453125 0.065625 0.309375
0 0.91875 0.115625 0.0296875 0.13359375
0 0.4328125 0.540625 0.06484375 0.2640625
0 0.29765625 0.54765625 0.0625 0.225
0 0.63671875 0.17109375 0.03046875 0.10390625
0 0.73046875 0.48203125 0.03515625 0.20546875
0 0.4625 0.47890625 0.0546875 0.19140625
0 0.69140625 0.496875 0.03515625 0.20390625
0 0.675 0.48359375 0.02890625 0.17109375
0 0.75 0.4734375 0.02265625 0.15859375
0 0.975 0.48359375 0.03671875 0.2390625
0 0.375 0.51640625 0.04609375 0.14921875
0 0.3390625 0.49609375 0.02421875 0.159375
0 0.23203125 0.5359375 0.04296875 0.109375
0 0.95 0.45390625 0.02265625 0.12890625
0 0.18984375 0.54609375 0.03828125 0.115625
0 0.2953125 0.5078125 0.03203125 0.21171875