0 0.49765625 0.571875 0.08359375 0.23984375
0 0.91875 0.115625 0.0296875 0.13359375
0 0.28125 0.55234375 0.0515625 0.25625
0 0.64765625 0.46640625 0.05234375 0.21015625
0 0.69140625 0.55859375 0.12421875 0.23984375
0 0.33359375 0.51171875 0.04765625 0.20859375
0 0.63671875 0.171875 0.03046875 0.103125
0 0.61328125 0.478125 0.03671875 0.14609375
0 0.51328125 0.484375 0.03671875 0.15703125
0 0.7625 0.51171875 0.04921875 0.1953125
0 0.97734375 0.48359375 0.04140625 0.240625
0 0.234375 0.534375 0.04375 0.11171875
0 0.93203125 0.45546875 0.02265625 0.128125
0 0.190625 0.546875 0.04140625 0.115625
0 0.1609375 0.546875 0.0375 0.1234375
0 0.70625 0.47265625 0.0375 0.175
0 0.3265625 0.490625 0.02109375 0.15