0 0.50078125 0.5859375 0.084375 0.2140625
0 0.08125 0.115625 0.0296875 0.13359375
0 0.6859375 0.540625 0.08125 0.28515625
0 0.43984375 0.48359375 0.03671875 0.159375
0 0.36328125 0.171875 0.03046875 0.103125
0 0.3203125 0.5234375 0.06953125 0.253125
0 0.6359375 0.50859375 0.0515625 0.21953125
0 0.22890625 0.49921875 0.0375 0.21484375
0 0.36015625 0.49453125 0.0453125 0.209375
0 0.06796875 0.45546875 0.021875 0.12890625
0 0.76484375 0.53515625 0.04453125 0.1109375
0 0.2671875 0.48203125 0.03984375 0.18671875
0 0.65703125 0.49609375 0.021875 0.16015625
0 0.025 0.48359375 0.03828125 0.2390625
0 0.809375 0.546875 0.03984375 0.115625
0 0.8390625 0.546875 0.03828125 0.1234375