0 0.91875 0.115625 0.0296875 0.13359375
0 0.471875 0.54609375 0.0578125 0.2984375
0 0.596875 0.49609375 0.0421875 0.21171875
0 0.63671875 0.171875 0.03046875 0.103125
0 0.24375 0.5359375 0.04296875 0.2703125
0 0.52890625 0.4921875 0.03984375 0.1640625
0 0.83359375 0.48515625 0.04609375 0.18359375
0 0.68203125 0.484375 0.04140625 0.20078125
0 0.7515625 0.52265625 0.07109375 0.26953125
0 0.971875 0.4859375 0.03984375 0.2359375
0 0.615625 0.4796875 0.03203125 0.13359375
0 0.3484375 0.49453125 0.025 0.15625
0 0.76953125 0.46953125 0.06328125 0.23515625
0 0.93203125 0.4546875 0.021875 0.1296875
0 0.6609375 0.4671875 0.028125 0.1265625