0 0.228125 0.4796875 0.06171875 0.1890625
0 0.5203125 0.55078125 0.06796875 0.303125
0 0.08125 0.115625 0.02890625 0.13359375
0 0.45234375 0.50703125 0.05859375 0.18515625
0 0.3453125 0.51640625 0.0640625 0.240625
0 0.74375 0.53359375 0.04765625 0.25546875
0 0.36328125 0.171875 0.03046875 0.103125
0 0.65078125 0.4984375 0.03828125 0.190625
0 0.31484375 0.46640625 0.03515625 0.134375
0 0.2 0.47421875 0.02890625 0.1484375
0 0.37890625 0.48359375 0.04453125 0.1796875
0 0.02578125 0.48359375 0.03828125 0.23828125
0 0.41953125 0.48203125 0.03203125 0.146875
0 0.0671875 0.45390625 0.02265625 0.13046875