0 0.08125 0.115625 0.0296875 0.13359375
0 0.428125 0.54375 0.0671875 0.303125
0 0.565625 0.540625 0.06171875 0.26171875
0 0.36328125 0.171875 0.03046875 0.103125
0 0.70234375 0.546875 0.06171875 0.225
0 0.309375 0.496875 0.03359375 0.20390625
0 0.625 0.5109375 0.04296875 0.159375
0 0.66015625 0.49609375 0.025 0.15859375
0 0.02578125 0.48359375 0.0375 0.2390625
0 0.27109375 0.48359375 0.0359375 0.20078125
0 0.04921875 0.45390625 0.02265625 0.1296875
0 0.81015625 0.54375 0.03984375 0.11953125
0 0.7625 0.53359375 0.05078125 0.1109375