0 0.91875 0.115625 0.0296875 0.13359375
0 0.55078125 0.53515625 0.06796875 0.259375
0 0.82578125 0.46953125 0.0484375 0.17578125
0 0.63671875 0.171875 0.03046875 0.103125
0 0.696875 0.49453125 0.03359375 0.203125
0 0.28515625 0.509375 0.0296875 0.21328125
0 0.3890625 0.496875 0.02890625 0.18046875
0 0.3421875 0.49453125 0.02421875 0.1546875
0 0.92265625 0.45625 0.021875 0.13203125
0 0.2359375 0.5375 0.040625 0.10625
0 0.66953125 0.46328125 0.0265625 0.1296875
0 0.97421875 0.48359375 0.03828125 0.2390625
0 0.74453125 0.484375 0.04453125 0.18984375
0 0.1890625 0.54453125 0.04375 0.11796875
0 0.478125 0.553125 0.08046875 0.33828125
0 0.77578125 0.47265625 0.0234375 0.153125
0 0.16015625 0.54453125 0.03828125 0.1265625