0 0.76484375 0.66015625 0.159375 0.67421875
0 0.91875 0.115625 0.0296875 0.13359375
0 0.45859375 0.509375 0.05234375 0.2234375
0 0.55546875 0.521875 0.0765625 0.246875
0 0.6390625 0.49921875 0.03515625 0.2046875
0 0.48984375 0.50078125 0.04375 0.20703125
0 0.63671875 0.171875 0.03046875 0.103125
0 0.340625 0.49609375 0.0234375 0.15703125
0 0.6046875 0.5109375 0.04140625 0.21171875
0 0.68046875 0.478125 0.0328125 0.17109375
0 0.23515625 0.53515625 0.04453125 0.1109375
0 0.1890625 0.54609375 0.04453125 0.11796875
0 0.97421875 0.48359375 0.0375 0.2390625
0 0.928125 0.45703125 0.02109375 0.134375
0 0.1578125 0.5421875 0.04140625 0.13203125