0 0.54296875 0.5640625 0.12578125 0.240625
0 0.91875 0.115625 0.0296875 0.13359375
0 0.6375 0.49453125 0.05859375 0.16953125
0 0.75390625 0.48984375 0.04453125 0.19453125
0 0.63671875 0.171875 0.03046875 0.103125
0 0.2 0.51953125 0.0453125 0.21171875
0 0.38984375 0.53671875 0.04453125 0.28046875
0 0.7875 0.471875 0.03203125 0.15625
0 0.31171875 0.53203125 0.053125 0.23359375
0 0.67734375 0.51328125 0.03671875 0.18515625
0 0.471875 0.48828125 0.0328125 0.171875
0 0.975 0.48359375 0.03671875 0.2390625
0 0.95 0.45390625 0.02265625 0.128125
0 0.33828125 0.49609375 0.02578125 0.15703125
0 0.36796875 0.5109375 0.0328125 0.21875
0 0.69453125 0.4640625 0.02421875 0.13671875