0 0.596875 0.54453125 0.0609375 0.31796875
0 0.5046875 0.5640625 0.07890625 0.25
0 0.08125 0.115625 0.0296875 0.13359375
0 0.54453125 0.50546875 0.0515625 0.22109375
0 0.36328125 0.171875 0.03046875 0.103125
0 0.27265625 0.48046875 0.0375 0.16484375
0 0.3671875 0.496875 0.0578125 0.21640625
0 0.06875 0.45546875 0.02265625 0.1296875
0 0.65625 0.49609375 0.02421875 0.16015625
0 0.76484375 0.534375 0.04453125 0.11171875
0 0.33046875 0.50703125 0.06484375 0.2265625
0 0.0265625 0.48359375 0.03671875 0.2390625
0 0.81171875 0.546875 0.04609375 0.11640625
0 0.84375 0.5421875 0.04296875 0.13203125