0 0.24453125 0.65703125 0.171875 0.58515625
0 0.08125 0.115625 0.0296875 0.13359375
0 0.4765625 0.55234375 0.053125 0.19140625
0 0.665625 0.503125 0.03671875 0.20390625
0 0.403125 0.5265625 0.0484375 0.26328125
0 0.36328125 0.17109375 0.0296875 0.10390625
0 0.1984375 0.4640625 0.03515625 0.15546875
0 0.76484375 0.534375 0.04453125 0.11171875
0 0.8109375 0.54453125 0.04453125 0.11796875
0 0.0484375 0.4515625 0.02421875 0.1265625
0 0.5 0.4875 0.02890625 0.16796875
0 0.02421875 0.48359375 0.03515625 0.2390625
0 0.5703125 0.5 0.04140625 0.19453125