0 0.5 0.56953125 0.08515625 0.24375
0 0.08125 0.115625 0.02890625 0.13359375
0 0.71875 0.54375 0.04140625 0.278125
0 0.23203125 0.528125 0.05625 0.1640625
0 0.3453125 0.5734375 0.07265625 0.20546875
0 0.29296875 0.48203125 0.03515625 0.21015625
0 0.36328125 0.171875 0.03046875 0.103125
0 0.3671875 0.49453125 0.03828125 0.1953125
0 0.6859375 0.51171875 0.03515625 0.21875
0 0.3875 0.478125 0.0359375 0.14609375
0 0.06796875 0.45546875 0.021875 0.12890625
0 0.02265625 0.48359375 0.0421875 0.240625
0 0.76484375 0.534375 0.04453125 0.11171875
0 0.665625 0.49765625 0.0265625 0.16171875
0 0.31171875 0.4625 0.02578125 0.1359375
0 0.23203125 0.48125 0.0375 0.1890625
0 0.809375 0.546875 0.04140625 0.115625
0 0.8390625 0.546875 0.0375 0.1234375