0 0.91875 0.115625 0.0296875 0.13359375
0 0.27890625 0.5390625 0.05390625 0.2734375
0 0.3765625 0.578125 0.05 0.35703125
0 0.77109375 0.53359375 0.0625 0.271875
0 0.5265625 0.5125 0.0484375 0.20078125
0 0.63671875 0.171875 0.03046875 0.103125
0 0.56484375 0.48828125 0.034375 0.18046875
0 0.7171875 0.478125 0.0453125 0.2015625
0 0.33359375 0.496875 0.03125 0.1609375
0 0.68046875 0.4765625 0.03828125 0.15546875
0 0.82734375 0.4890625 0.04140625 0.1796875
0 0.86328125 0.50859375 0.05234375 0.21875
0 0.9328125 0.45234375 0.02265625 0.125
0 0.23515625 0.53515625 0.04375 0.11328125
0 0.978125 0.4859375 0.04140625 0.23359375