0 0.45390625 0.5734375 0.08984375 0.42578125
0 0.08125 0.115625 0.0296875 0.13359375
0 0.41015625 0.53125 0.0546875 0.27109375
0 0.7015625 0.50859375 0.04296875 0.215625
0 0.5015625 0.540625 0.05234375 0.240625
0 0.1625 0.4703125 0.05546875 0.16640625
0 0.2328125 0.48203125 0.05078125 0.1890625
0 0.2875 0.49609375 0.04765625 0.20703125
0 0.36328125 0.171875 0.03046875 0.103125
0 0.58828125 0.4953125 0.03828125 0.18125
0 0.35234375 0.46328125 0.02578125 0.1359375
0 0.6578125 0.49609375 0.02421875 0.153125
0 0.76640625 0.5375 0.04296875 0.10625
0 0.02578125 0.48359375 0.03671875 0.2390625
0 0.30703125 0.4703125 0.02578125 0.140625
0 0.809375 0.54453125 0.040625 0.11875
0 0.06796875 0.45625 0.02890625 0.13203125
0 0.8390625 0.54609375 0.03671875 0.12421875
0 0.6109375 0.50703125 0.02890625 0.09375
0 0.2171875 0.47265625 0.01953125 0.15078125
0 0.52265625 0.4859375 0.025 0.16328125