0 0.91875 0.115625 0.02890625 0.13359375
0 0.22734375 0.53515625 0.0625 0.25703125
0 0.76484375 0.5 0.046875 0.1484375
0 0.5 0.5515625 0.0671875 0.31015625
0 0.6328125 0.5265625 0.0546875 0.25390625
0 0.63671875 0.171875 0.03046875 0.103125
0 0.79375 0.475 0.034375 0.14609375
0 0.30546875 0.50390625 0.05859375 0.19453125
0 0.675 0.47265625 0.0375 0.1234375
0 0.5765625 0.48203125 0.0390625 0.14609375
0 0.45546875 0.503125 0.04140625 0.19609375
0 0.9328125 0.45390625 0.02265625 0.13046875
0 0.97421875 0.48359375 0.03828125 0.23828125
0 0.5359375 0.50546875 0.03828125 0.175
0 0.3484375 0.49453125 0.028125 0.15703125
0 0.60234375 0.48828125 0.03828125 0.1890625