0 0.08125 0.115625 0.0296875 0.13359375
0 0.475 0.5609375 0.0734375 0.31484375
0 0.7765625 0.53671875 0.06875 0.25859375
0 0.2109375 0.4765625 0.03984375 0.14375
0 0.24140625 0.48984375 0.04140625 0.15546875
0 0.37578125 0.52578125 0.05234375 0.26015625
0 0.32578125 0.4734375 0.03828125 0.12421875
0 0.36328125 0.171875 0.03046875 0.103125
0 0.55859375 0.50703125 0.0375 0.1890625
0 0.71171875 0.51328125 0.03515625 0.1796875
0 0.02578125 0.48359375 0.0375 0.23828125
0 0.65078125 0.49453125 0.02890625 0.15703125
0 0.51328125 0.49453125 0.03125 0.1640625
0 0.0671875 0.45390625 0.02265625 0.13046875
0 0.42265625 0.484375 0.0375 0.14375
0 0.45859375 0.5046875 0.0328125 0.16484375
0 0.403125 0.48828125 0.02734375 0.19296875