0 0.08125 0.115625 0.0296875 0.13359375
0 0.47109375 0.55703125 0.06328125 0.33046875
0 0.584375 0.5390625 0.046875 0.26640625
0 0.30234375 0.49609375 0.046875 0.2046875
0 0.36328125 0.171875 0.03046875 0.103125
0 0.33671875 0.48359375 0.04453125 0.1796875
0 0.71171875 0.5375 0.03984375 0.24140625
0 0.2546875 0.48125 0.03046875 0.19453125
0 0.521875 0.48828125 0.03125 0.17109375
0 0.6609375 0.49609375 0.02421875 0.159375
0 0.62421875 0.51640625 0.04609375 0.1484375
0 0.765625 0.53515625 0.04296875 0.1109375
0 0.025 0.48359375 0.03828125 0.2390625
0 0.05 0.45234375 0.02578125 0.1265625
0 0.2171875 0.45703125 0.02265625 0.10546875
0 0.23359375 0.47421875 0.02578125 0.1609375
0 0.6953125 0.5078125 0.02734375 0.20859375