0 0.30625 0.66328125 0.14453125 0.66875
0 0.08125 0.115625 0.02890625 0.13359375
0 0.4421875 0.52890625 0.07109375 0.25859375
0 0.22421875 0.47421875 0.03671875 0.1546875
0 0.65625 0.49609375 0.03046875 0.15859375
0 0.5078125 0.50859375 0.05859375 0.22578125
0 0.36328125 0.171875 0.03046875 0.103125
0 0.76484375 0.53515625 0.04453125 0.1109375
0 0.0703125 0.45703125 0.02109375 0.134375
0 0.02578125 0.48359375 0.03828125 0.2390625
0 0.48828125 0.4984375 0.04453125 0.20625
0 0.81171875 0.54609375 0.04609375 0.11640625
0 0.384375 0.50546875 0.03828125 0.21796875
0 0.84453125 0.54140625 0.0421875 0.134375