0 0.91875 0.115625 0.0296875 0.13359375
0 0.38359375 0.54375 0.05625 0.29609375
0 0.8 0.47421875 0.0390625 0.18125
0 0.68828125 0.496875 0.03203125 0.203125
0 0.296875 0.50859375 0.028125 0.2109375
0 0.4609375 0.53828125 0.06796875 0.26953125
0 0.7203125 0.48515625 0.03359375 0.18515625
0 0.63671875 0.171875 0.03046875 0.103125
0 0.33671875 0.496875 0.02578125 0.15859375
0 0.940625 0.45390625 0.03203125 0.125
0 0.23515625 0.53515625 0.04296875 0.1109375
0 0.975 0.48359375 0.03671875 0.2390625
0 0.190625 0.5453125 0.03828125 0.11484375
0 0.7640625 0.47421875 0.02890625 0.15390625
0 0.1640625 0.5484375 0.03984375 0.11953125