0 0.08125 0.115625 0.0296875 0.13359375
0 0.553125 0.55078125 0.0546875 0.27890625
0 0.74375 0.546875 0.0515625 0.2515625
0 0.48671875 0.48671875 0.03125 0.16171875
0 0.36171875 0.503125 0.04609375 0.1859375
0 0.66953125 0.496875 0.028125 0.1609375
0 0.5859375 0.5015625 0.04609375 0.190625
0 0.2140625 0.48828125 0.0546875 0.16953125
0 0.02265625 0.48359375 0.04140625 0.240625
0 0.3203125 0.475 0.03984375 0.2015625
0 0.36328125 0.171875 0.03046875 0.103125
0 0.2578125 0.57109375 0.1359375 0.215625
0 0.0671875 0.45546875 0.02265625 0.1296875
0 0.8390625 0.546875 0.03828125 0.1234375
0 0.809375 0.54609375 0.04140625 0.11640625
0 0.3828125 0.47734375 0.03046875 0.1453125
0 0.77265625 0.5359375 0.02890625 0.11171875