0 0.79296875 0.75 0.221875 0.49453125
0 0.91875 0.115625 0.0296875 0.13359375
0 0.54921875 0.5203125 0.05390625 0.24296875
0 0.4296875 0.50859375 0.0453125 0.21875
0 0.65546875 0.4984375 0.05078125 0.20625
0 0.6 0.5140625 0.0484375 0.2265625
0 0.340625 0.496875 0.02734375 0.15625
0 0.63671875 0.171875 0.03046875 0.103125
0 0.46328125 0.5 0.03828125 0.1984375
0 0.69453125 0.48125 0.04140625 0.17421875
0 0.23515625 0.534375 0.04375 0.11328125
0 0.7421875 0.47421875 0.03359375 0.1546875
0 0.77890625 0.47265625 0.0359375 0.146875
0 0.97421875 0.48359375 0.0375 0.2390625
0 0.18828125 0.54609375 0.046875 0.11640625
0 0.9296875 0.45703125 0.02109375 0.134375
0 0.1578125 0.5421875 0.03984375 0.13203125
0 0.56875 0.478125 0.03046875 0.16171875