0 0.76015625 0.54765625 0.06015625 0.26015625
0 0.08125 0.115625 0.02890625 0.13359375
0 0.26171875 0.54296875 0.12421875 0.27421875
0 0.5546875 0.55078125 0.065625 0.28671875
0 0.09375 0.48203125 0.04921875 0.18125
0 0.165625 0.48203125 0.046875 0.1296875
0 0.36328125 0.171875 0.03046875 0.103125
0 0.490625 0.48828125 0.03984375 0.1390625
0 0.21796875 0.50703125 0.07890625 0.1859375
0 0.66484375 0.496875 0.028125 0.15859375
0 0.02421875 0.48359375 0.040625 0.240625
0 0.52734375 0.49921875 0.0375 0.19296875
0 0.30546875 0.490625 0.04140625 0.21328125
0 0.0671875 0.45390625 0.021875 0.13046875
0 0.83828125 0.546875 0.03984375 0.1234375