0 0.08125 0.11640625 0.0296875 0.134375
0 0.42890625 0.496875 0.05625 0.20703125
0 0.2875 0.52421875 0.0703125 0.26796875
0 0.75 0.53984375 0.05546875 0.26484375
0 0.5484375 0.54296875 0.06015625 0.28359375
0 0.36328125 0.171875 0.03046875 0.103125
0 0.2078125 0.4984375 0.04765625 0.22109375
0 0.50625 0.49296875 0.04296875 0.190625
0 0.39296875 0.47890625 0.04921875 0.1390625
0 0.16328125 0.48359375 0.04765625 0.17109375
0 0.659375 0.4953125 0.03125 0.15703125
0 0.34453125 0.46640625 0.02890625 0.13203125
0 0.0671875 0.45546875 0.02265625 0.12890625
0 0.02578125 0.4828125 0.03671875 0.23984375
0 0.309375 0.48359375 0.03046875 0.17578125
0 0.8390625 0.546875 0.0390625 0.1234375