0 0.4328125 0.56640625 0.065625 0.21015625
0 0.91875 0.115625 0.0296875 0.13359375
0 0.54296875 0.5453125 0.06484375 0.30703125
0 0.29765625 0.5484375 0.0625 0.22421875
0 0.63671875 0.17109375 0.03046875 0.10390625
0 0.69140625 0.496875 0.03671875 0.2046875
0 0.7328125 0.48203125 0.03203125 0.20546875
0 0.665625 0.4828125 0.03828125 0.175
0 0.34296875 0.49609375 0.03984375 0.159375
0 0.7515625 0.4734375 0.02109375 0.15859375
0 0.37421875 0.51640625 0.04609375 0.14921875
0 0.97421875 0.48359375 0.03671875 0.2390625
0 0.4609375 0.478125 0.05859375 0.19453125
0 0.2328125 0.53515625 0.04453125 0.1109375
0 0.95078125 0.45390625 0.02265625 0.12890625
0 0.190625 0.54609375 0.03671875 0.115625