0 0.08125 0.115625 0.0296875 0.13359375
0 0.56171875 0.5453125 0.0546875 0.28515625
0 0.7609375 0.54453125 0.05078125 0.265625
0 0.33203125 0.49453125 0.05859375 0.21015625
0 0.10078125 0.48359375 0.05078125 0.178125
0 0.1734375 0.47265625 0.04140625 0.1453125
0 0.27578125 0.53828125 0.11328125 0.271875
0 0.36328125 0.171875 0.03046875 0.103125
0 0.515625 0.50703125 0.03984375 0.1765625
0 0.66484375 0.49609375 0.028125 0.159375
0 0.4984375 0.4875 0.034375 0.13828125
0 0.025 0.48359375 0.0390625 0.23984375
0 0.234375 0.503125 0.0609375 0.2
0 0.0671875 0.453125 0.02265625 0.12890625