0 0.91875 0.115625 0.0296875 0.13359375
0 0.51953125 0.55625 0.08203125 0.31953125
0 0.41015625 0.54453125 0.04609375 0.2734375
0 0.6921875 0.49609375 0.04453125 0.20546875
0 0.63671875 0.171875 0.03046875 0.103125
0 0.75859375 0.4796875 0.03125 0.19296875
0 0.37578125 0.5171875 0.04609375 0.14921875
0 0.23515625 0.53515625 0.04296875 0.1109375
0 0.31796875 0.5296875 0.04453125 0.23515625
0 0.97421875 0.48359375 0.0390625 0.2390625
0 0.29765625 0.50859375 0.028125 0.21328125
0 0.67109375 0.48359375 0.02890625 0.17890625
0 0.47890625 0.48828125 0.02421875 0.16875
0 0.95 0.453125 0.0234375 0.1265625
0 0.19140625 0.54609375 0.0359375 0.11484375
0 0.16484375 0.5484375 0.0390625 0.1203125
0 0.3390625 0.49609375 0.0234375 0.159375