0 0.784375 0.66953125 0.23828125 0.65390625
0 0.91875 0.115625 0.0296875 0.13359375
0 0.53046875 0.53984375 0.05390625 0.2109375
0 0.61015625 0.521875 0.053125 0.253125
0 0.37421875 0.50078125 0.03046875 0.1984375
0 0.43125 0.50625 0.03828125 0.203125
0 0.3421875 0.496875 0.0234375 0.15546875
0 0.63671875 0.171875 0.03046875 0.103125
0 0.23515625 0.534375 0.04453125 0.11171875
0 0.1890625 0.5453125 0.0453125 0.11875
0 0.94921875 0.45 0.02109375 0.12421875
0 0.71953125 0.49609375 0.04375 0.2046875
0 0.975 0.48359375 0.0359375 0.2390625
0 0.15859375 0.5421875 0.03984375 0.13203125