0 0.56953125 0.56171875 0.06328125 0.25
0 0.91875 0.115625 0.0296875 0.13359375
0 0.4359375 0.5390625 0.06171875 0.2609375
0 0.30234375 0.53671875 0.05234375 0.23828125
0 0.63671875 0.171875 0.03046875 0.103125
0 0.72109375 0.484375 0.0421875 0.1859375
0 0.69140625 0.496875 0.0375 0.20546875
0 0.38125 0.49375 0.0265625 0.19921875
0 0.3390625 0.496875 0.0265625 0.15859375
0 0.26875 0.509375 0.03046875 0.20859375
0 0.97421875 0.48359375 0.03828125 0.2390625
0 0.23671875 0.5359375 0.05078125 0.1140625
0 0.95 0.45390625 0.02265625 0.12890625
0 0.18984375 0.54453125 0.03984375 0.1203125
0 0.47734375 0.48046875 0.04375 0.1890625