0 0.08125 0.115625 0.0296875 0.13359375
0 0.51953125 0.54296875 0.06796875 0.29609375
0 0.75546875 0.5359375 0.04453125 0.27109375
0 0.4 0.49453125 0.0359375 0.2140625
0 0.36328125 0.17109375 0.03046875 0.10390625
0 0.25546875 0.5171875 0.06328125 0.26171875
0 0.32421875 0.4859375 0.0421875 0.1984375
0 0.1671875 0.4953125 0.05234375 0.15
0 0.228125 0.4890625 0.0328125 0.2515625
0 0.48203125 0.49375 0.0375 0.159375
0 0.02890625 0.4859375 0.0375 0.23359375
0 0.3828125 0.48046875 0.0234375 0.1296875
0 0.0671875 0.45234375 0.021875 0.1265625
0 0.653125 0.49453125 0.02421875 0.15703125
0 0.50078125 0.49296875 0.03046875 0.19609375