0 0.57109375 0.54375 0.06796875 0.303125
0 0.91875 0.115625 0.0296875 0.13359375
0 0.43515625 0.5390625 0.06328125 0.2609375
0 0.29921875 0.54453125 0.06015625 0.23125
0 0.63671875 0.171875 0.03046875 0.103125
0 0.690625 0.496875 0.0328125 0.20546875
0 0.47421875 0.47890625 0.0359375 0.19140625
0 0.37734375 0.509375 0.03203125 0.16640625
0 0.9734375 0.48359375 0.0375 0.2390625
0 0.33984375 0.496875 0.025 0.15859375
0 0.95078125 0.45390625 0.02265625 0.1296875
0 0.72109375 0.48984375 0.04609375 0.190625
0 0.29375 0.50703125 0.03203125 0.2140625
0 0.22578125 0.53515625 0.07421875 0.11484375