0 0.41171875 0.5640625 0.07265625 0.328125
0 0.91875 0.115625 0.0296875 0.13359375
0 0.26640625 0.53671875 0.05859375 0.271875
0 0.5 0.484375 0.02890625 0.23125
0 0.76015625 0.521875 0.06328125 0.2734375
0 0.63671875 0.171875 0.03046875 0.103125
0 0.6671875 0.496875 0.05234375 0.21640625
0 0.86796875 0.50625 0.059375 0.24140625
0 0.8 0.4765625 0.034375 0.16171875
0 0.715625 0.47734375 0.03515625 0.1953125
0 0.6390625 0.48125 0.0359375 0.13515625
0 0.975 0.484375 0.03828125 0.2390625
0 0.3484375 0.49453125 0.025 0.15546875
0 0.93203125 0.45390625 0.021875 0.128125
0 0.52109375 0.4921875 0.03203125 0.17109375