0 0.08125 0.115625 0.0296875 0.13359375
0 0.55390625 0.5171875 0.0546875 0.21171875
0 0.7234375 0.53203125 0.0671875 0.240625
0 0.31796875 0.51484375 0.08125 0.18515625
0 0.4109375 0.57890625 0.08046875 0.240625
0 0.37890625 0.48515625 0.0703125 0.1890625
0 0.50703125 0.48671875 0.03671875 0.15859375
0 0.26953125 0.48828125 0.0453125 0.16328125
0 0.36328125 0.17109375 0.03046875 0.10390625
0 0.678125 0.50390625 0.0515625 0.19453125
0 0.2390625 0.471875 0.03203125 0.14609375
0 0.02578125 0.48359375 0.0375 0.23828125
0 0.06796875 0.45546875 0.02265625 0.1296875
0 0.66171875 0.49609375 0.025 0.15625
0 0.809375 0.546875 0.040625 0.115625
0 0.83828125 0.546875 0.0390625 0.1234375