0 0.08125 0.115625 0.0296875 0.13359375
0 0.72109375 0.5390625 0.05390625 0.2734375
0 0.6234375 0.578125 0.05 0.35703125
0 0.22890625 0.53359375 0.0625 0.271875
0 0.4734375 0.5125 0.0484375 0.20078125
0 0.36328125 0.171875 0.03046875 0.103125
0 0.43515625 0.48828125 0.034375 0.18046875
0 0.2828125 0.478125 0.0453125 0.2015625
0 0.66640625 0.496875 0.03125 0.1609375
0 0.31953125 0.4765625 0.03828125 0.15546875
0 0.17265625 0.4890625 0.04140625 0.1796875
0 0.13671875 0.50859375 0.05234375 0.21875
0 0.0671875 0.45234375 0.02265625 0.125
0 0.76484375 0.53515625 0.04375 0.11328125
0 0.021875 0.4859375 0.04140625 0.23359375