0 0.453125 0.54609375 0.06171875 0.31171875
0 0.08125 0.115625 0.02890625 0.13359375
0 0.56875 0.53828125 0.06171875 0.26640625
0 0.70234375 0.54765625 0.0625 0.2234375
0 0.36328125 0.171875 0.03046875 0.103125
0 0.33515625 0.48203125 0.03984375 0.17578125
0 0.30546875 0.49609375 0.03984375 0.2046875
0 0.5265625 0.4859375 0.04296875 0.1765625
0 0.6578125 0.49609375 0.03984375 0.159375
0 0.2453125 0.47421875 0.02578125 0.15859375
0 0.02578125 0.48359375 0.0375 0.2390625
0 0.7671875 0.5359375 0.0453125 0.109375
0 0.625 0.51640625 0.04765625 0.1484375
0 0.04921875 0.45390625 0.02265625 0.12890625
0 0.25859375 0.48125 0.03046875 0.20546875
0 0.8359375 0.54765625 0.040625 0.12109375
0 0.80859375 0.54609375 0.03515625 0.115625
0 0.70546875 0.50859375 0.03203125 0.2109375