0 0.91875 0.115625 0.0296875 0.13359375
0 0.534375 0.56796875 0.08359375 0.3890625
0 0.83359375 0.46953125 0.0625 0.1703125
0 0.29296875 0.509375 0.0375 0.21640625
0 0.5890625 0.53125 0.05546875 0.271875
0 0.70859375 0.49609375 0.04453125 0.20546875
0 0.40703125 0.49375 0.04296875 0.184375
0 0.63671875 0.171875 0.03046875 0.103125
0 0.65234375 0.465625 0.03671875 0.13203125
0 0.48515625 0.53359375 0.040625 0.25625
0 0.3421875 0.4953125 0.0234375 0.1515625
0 0.234375 0.53671875 0.0421875 0.10703125
0 0.7640625 0.48359375 0.0484375 0.18984375
0 0.97421875 0.48359375 0.0375 0.2390625
0 0.92578125 0.45546875 0.02421875 0.13359375
0 0.190625 0.5453125 0.04140625 0.11875
0 0.68828125 0.46953125 0.028125 0.14453125
0 0.1609375 0.54609375 0.03671875 0.12421875
0 0.77890625 0.47265625 0.02421875 0.153125