0 0.55390625 0.54453125 0.07734375 0.30625
0 0.43359375 0.559375 0.06328125 0.22578125
0 0.91875 0.115625 0.0296875 0.13359375
0 0.29765625 0.5484375 0.06171875 0.22421875
0 0.63671875 0.17109375 0.03046875 0.10390625
0 0.73046875 0.48203125 0.03671875 0.20625
0 0.665625 0.48359375 0.03671875 0.17421875
0 0.459375 0.48046875 0.05859375 0.18671875
0 0.68984375 0.49609375 0.03671875 0.2046875
0 0.34296875 0.49609375 0.040625 0.159375
0 0.75078125 0.4734375 0.021875 0.15859375
0 0.37421875 0.51640625 0.046875 0.14921875
0 0.23515625 0.53671875 0.03984375 0.10859375
0 0.97421875 0.48359375 0.0375 0.2390625
0 0.95078125 0.45390625 0.02265625 0.12890625
0 0.190625 0.54609375 0.03828125 0.115625