0 0.91875 0.115625 0.0296875 0.13359375
0 0.4671875 0.54609375 0.0640625 0.28203125
0 0.36953125 0.540625 0.06015625 0.2984375
0 0.3015625 0.50859375 0.034375 0.21328125
0 0.63671875 0.171875 0.03046875 0.103125
0 0.68359375 0.496875 0.03203125 0.20625
0 0.7859375 0.478125 0.0265625 0.1890625
0 0.7296875 0.45703125 0.03203125 0.12421875
0 0.41328125 0.53125 0.0515625 0.23515625
0 0.76328125 0.4734375 0.03046875 0.15859375
0 0.23515625 0.53515625 0.0421875 0.1109375
0 0.9734375 0.48359375 0.03984375 0.2390625
0 0.70546875 0.48359375 0.02734375 0.18203125
0 0.3375 0.49609375 0.02734375 0.15703125
0 0.95 0.4515625 0.021875 0.12421875
0 0.190625 0.54609375 0.03671875 0.115625
0 0.48125 0.48515625 0.0265625 0.1609375