0 0.42890625 0.55625 0.06171875 0.29140625
0 0.08125 0.115625 0.0296875 0.13359375
0 0.56484375 0.53828125 0.06328125 0.26328125
0 0.696875 0.540625 0.05234375 0.23671875
0 0.30859375 0.496875 0.03515625 0.20546875
0 0.6203125 0.5046875 0.02890625 0.1796875
0 0.52734375 0.4890625 0.03203125 0.1703125
0 0.715625 0.5078125 0.04765625 0.21015625
0 0.0265625 0.48359375 0.03828125 0.2390625
0 0.66015625 0.496875 0.02578125 0.15859375
0 0.2765625 0.48828125 0.03828125 0.19296875
0 0.36328125 0.171875 0.03046875 0.103125
0 0.05 0.45390625 0.02265625 0.12890625
0 0.76328125 0.5359375 0.05234375 0.1140625