0 0.5671875 0.56640625 0.065625 0.21015625
0 0.08125 0.115625 0.0296875 0.13359375
0 0.45703125 0.5453125 0.06484375 0.30703125
0 0.70234375 0.5484375 0.0625 0.22421875
0 0.36328125 0.17109375 0.03046875 0.10390625
0 0.30859375 0.496875 0.03671875 0.2046875
0 0.2671875 0.48203125 0.03203125 0.20546875
0 0.334375 0.4828125 0.03828125 0.175
0 0.65703125 0.49609375 0.03984375 0.159375
0 0.2484375 0.4734375 0.02109375 0.15859375
0 0.62578125 0.51640625 0.04609375 0.14921875
0 0.02578125 0.48359375 0.03671875 0.2390625
0 0.5390625 0.478125 0.05859375 0.19453125
0 0.7671875 0.53515625 0.04453125 0.1109375
0 0.04921875 0.45390625 0.02265625 0.12890625
0 0.809375 0.54609375 0.03671875 0.115625