0 0.5 0.5859375 0.08515625 0.21328125
0 0.08125 0.115625 0.0296875 0.13359375
0 0.703125 0.5390625 0.04921875 0.28671875
0 0.45234375 0.484375 0.04765625 0.15703125
0 0.23984375 0.5015625 0.06171875 0.2109375
0 0.6515625 0.50859375 0.0359375 0.2203125
0 0.36328125 0.171875 0.03046875 0.103125
0 0.328125 0.52265625 0.05546875 0.25859375
0 0.3625 0.49375 0.04453125 0.209375
0 0.06796875 0.45546875 0.021875 0.12890625
0 0.76484375 0.534375 0.04375 0.11171875
0 0.02421875 0.48359375 0.03828125 0.2390625
0 0.26171875 0.4828125 0.0453125 0.1859375
0 0.809375 0.546875 0.03984375 0.115625
0 0.29609375 0.48046875 0.03515625 0.2015625
0 0.8390625 0.546875 0.0390625 0.121875