0 0.08125 0.115625 0.0296875 0.13359375
0 0.42734375 0.5453125 0.06171875 0.309375
0 0.56796875 0.53984375 0.06484375 0.26484375
0 0.70234375 0.54765625 0.0625 0.225
0 0.534375 0.4765625 0.06328125 0.19609375
0 0.36328125 0.17109375 0.03046875 0.10390625
0 0.2671875 0.48203125 0.03203125 0.2046875
0 0.309375 0.496875 0.0359375 0.2046875
0 0.25 0.4734375 0.02265625 0.15859375
0 0.625 0.51640625 0.04609375 0.1484375
0 0.025 0.4828125 0.03671875 0.23828125
0 0.76640625 0.53515625 0.040625 0.1109375
0 0.66015625 0.49609375 0.02734375 0.159375
0 0.04921875 0.4546875 0.02265625 0.1296875
0 0.81015625 0.54609375 0.03828125 0.115625
0 0.3296875 0.484375 0.03046875 0.16953125
0 0.7046875 0.5078125 0.03359375 0.21171875