0 0.91875 0.11640625 0.0296875 0.134375
0 0.54765625 0.58125 0.128125 0.2046875
0 0.3078125 0.534375 0.0609375 0.23515625
0 0.24375 0.5140625 0.05859375 0.21484375
0 0.4109375 0.53359375 0.0515625 0.26875
0 0.63671875 0.171875 0.03046875 0.103125
0 0.659375 0.48515625 0.04296875 0.19296875
0 0.471875 0.48828125 0.034375 0.1734375
0 0.728125 0.48671875 0.04453125 0.19140625
0 0.6890625 0.4984375 0.0390625 0.2046875
0 0.3390625 0.496875 0.0265625 0.15859375
0 0.97421875 0.48359375 0.03828125 0.23828125
0 0.38203125 0.5015625 0.0390625 0.203125
0 0.75 0.47578125 0.02109375 0.14921875
0 0.95 0.45390625 0.02265625 0.1296875