0 0.4078125 0.5546875 0.09140625 0.3015625
0 0.08125 0.115625 0.0296875 0.13359375
0 0.26640625 0.49140625 0.04921875 0.153125
0 0.77265625 0.53828125 0.075 0.25546875
0 0.21640625 0.478125 0.04375 0.13671875
0 0.32265625 0.47421875 0.0484375 0.121875
0 0.49296875 0.4953125 0.03671875 0.16328125
0 0.59140625 0.51640625 0.05234375 0.22109375
0 0.36328125 0.171875 0.03046875 0.103125
0 0.6609375 0.49609375 0.0328125 0.159375
0 0.02578125 0.48359375 0.03671875 0.23828125
0 0.06796875 0.45546875 0.02265625 0.128125