0 0.91875 0.115625 0.02890625 0.13203125
0 0.440625 0.55546875 0.0734375 0.36171875
0 0.7171875 0.47890625 0.0515625 0.16484375
0 0.63671875 0.17109375 0.03046875 0.103125
0 0.59921875 0.4984375 0.06484375 0.221875
0 0.49375 0.54609375 0.06015625 0.27578125
0 0.23515625 0.53359375 0.04453125 0.1109375
0 0.66328125 0.50625 0.078125 0.2265625
0 0.34296875 0.4953125 0.0234375 0.159375
0 0.97421875 0.4828125 0.03671875 0.23828125
0 0.9328125 0.45546875 0.02265625 0.1296875
0 0.1875 0.54375 0.04765625 0.11171875
0 0.15625 0.540625 0.04375 0.13125