0 0.734375 0.490625 0.05546875 0.1515625
0 0.91875 0.115625 0.0296875 0.13359375
0 0.58046875 0.56171875 0.09765625 0.315625
0 0.50625 0.49375 0.03515625 0.16875
0 0.40625 0.51875 0.04765625 0.21171875
0 0.63671875 0.171875 0.03046875 0.103125
0 0.78515625 0.4765625 0.040625 0.13984375
0 0.34296875 0.49609375 0.02890625 0.159375
0 0.675 0.47421875 0.05078125 0.1234375
0 0.21640625 0.53671875 0.0546875 0.25859375
0 0.58515625 0.49140625 0.05234375 0.346875
0 0.97421875 0.48359375 0.03671875 0.2390625
0 0.93203125 0.45625 0.02265625 0.12890625