0 0.49921875 0.5796875 0.084375 0.22578125
0 0.91875 0.115625 0.0296875 0.13359375
0 0.28125 0.54296875 0.03984375 0.278125
0 0.6609375 0.55078125 0.07421875 0.24296875
0 0.63671875 0.171875 0.03046875 0.103125
0 0.76953125 0.54453125 0.06484375 0.1296875
0 0.62890625 0.49296875 0.03203125 0.20859375
0 0.74921875 0.48125 0.03984375 0.18828125
0 0.32265625 0.5109375 0.03828125 0.2203125
0 0.5234375 0.48515625 0.03515625 0.16328125
0 0.93203125 0.4546875 0.021875 0.1296875
0 0.71796875 0.48203125 0.05859375 0.21171875
0 0.97734375 0.48359375 0.04140625 0.240625
0 0.23515625 0.534375 0.04375 0.11171875
0 0.33984375 0.49609375 0.02890625 0.159375
0 0.61640625 0.478125 0.025 0.14609375
0 0.190625 0.546875 0.040625 0.115625
0 0.1609375 0.546875 0.03828125 0.121875