0 0.49921875 0.575 0.08515625 0.23359375
0 0.91875 0.115625 0.0296875 0.13359375
0 0.38203125 0.55390625 0.0484375 0.2796875
0 0.4390625 0.50390625 0.03125 0.22109375
0 0.63671875 0.171875 0.03046875 0.103125
0 0.73359375 0.48125 0.034375 0.165625
0 0.640625 0.496875 0.0484375 0.21640625
0 0.93125 0.45546875 0.02265625 0.12890625
0 0.23515625 0.53515625 0.04453125 0.1109375
0 0.34609375 0.49609375 0.02890625 0.16015625
0 0.70859375 0.50078125 0.03203125 0.21171875
0 0.68125 0.509375 0.05546875 0.2234375
0 0.97421875 0.48359375 0.0375 0.2390625
0 0.15703125 0.5421875 0.0421875 0.13203125
0 0.1890625 0.546875 0.04453125 0.11640625
0 0.61015625 0.48203125 0.03203125 0.1640625