0 0.08125 0.115625 0.02890625 0.13359375
0 0.4546875 0.553125 0.06796875 0.32421875
0 0.58359375 0.53359375 0.06640625 0.28125
0 0.70390625 0.5484375 0.06484375 0.22421875
0 0.36328125 0.171875 0.03046875 0.103125
0 0.3078125 0.496875 0.04296875 0.20546875
0 0.52578125 0.4890625 0.03046875 0.1703125
0 0.33515625 0.48203125 0.0390625 0.17578125
0 0.765625 0.53515625 0.04375 0.1109375
0 0.25078125 0.4828125 0.03203125 0.20625
0 0.62890625 0.51640625 0.04140625 0.1484375
0 0.65625 0.49609375 0.04140625 0.159375
0 0.025 0.48359375 0.03671875 0.2390625
0 0.23671875 0.47578125 0.028125 0.1640625
0 0.04921875 0.453125 0.0234375 0.128125
0 0.2953125 0.47265625 0.02734375 0.15078125
0 0.81015625 0.5453125 0.03828125 0.11640625
0 0.70390625 0.50859375 0.0359375 0.21171875