0 0.54609375 0.5734375 0.08984375 0.42578125
0 0.91875 0.115625 0.0296875 0.13359375
0 0.58984375 0.53125 0.0546875 0.27109375
0 0.2984375 0.50859375 0.04296875 0.215625
0 0.4984375 0.540625 0.05234375 0.240625
0 0.8375 0.4703125 0.05546875 0.16640625
0 0.7671875 0.48203125 0.05078125 0.1890625
0 0.7125 0.49609375 0.04765625 0.20703125
0 0.63671875 0.171875 0.03046875 0.103125
0 0.41171875 0.4953125 0.03828125 0.18125
0 0.64765625 0.46328125 0.02578125 0.1359375
0 0.3421875 0.49609375 0.02421875 0.153125
0 0.23359375 0.5375 0.04296875 0.10625
0 0.97421875 0.48359375 0.03671875 0.2390625
0 0.69296875 0.4703125 0.02578125 0.140625
0 0.190625 0.54453125 0.040625 0.11875
0 0.93203125 0.45625 0.02890625 0.13203125
0 0.1609375 0.54609375 0.03671875 0.12421875
0 0.3890625 0.50703125 0.02890625 0.09375
0 0.7828125 0.47265625 0.01953125 0.15078125
0 0.47734375 0.4859375 0.025 0.16328125