0 0.428125 0.55703125 0.08046875 0.33359375
0 0.08125 0.115625 0.0296875 0.13359375
0 0.57734375 0.53203125 0.06640625 0.2796875
0 0.7375 0.53984375 0.0609375 0.2484375
0 0.26640625 0.4921875 0.05078125 0.18203125
0 0.36328125 0.171875 0.03046875 0.103125
0 0.7 0.50859375 0.0390625 0.21328125
0 0.52578125 0.4875 0.03046875 0.1734375
0 0.3078125 0.49609375 0.03671875 0.20390625
0 0.65859375 0.49609375 0.03359375 0.159375
0 0.22421875 0.475 0.03671875 0.1609375
0 0.33046875 0.48203125 0.03203125 0.17578125
0 0.62421875 0.51640625 0.04609375 0.1484375
0 0.025 0.48359375 0.03671875 0.2390625
0 0.0484375 0.453125 0.0234375 0.128125