0 0.91875 0.115625 0.0296875 0.13359375
0 0.73203125 0.490625 0.05234375 0.15546875
0 0.41640625 0.521875 0.0671875 0.21328125
0 0.6828125 0.47421875 0.06015625 0.12578125
0 0.778125 0.47734375 0.0546875 0.13828125
0 0.23203125 0.534375 0.071875 0.25390625
0 0.50546875 0.48984375 0.04609375 0.159375
0 0.63671875 0.17109375 0.03046875 0.10390625
0 0.5984375 0.56015625 0.07890625 0.2796875
0 0.3390625 0.49609375 0.03203125 0.159375
0 0.97421875 0.48359375 0.03671875 0.2390625
0 0.628125 0.5078125 0.04140625 0.184375
0 0.57109375 0.5265625 0.04140625 0.25078125
0 0.93203125 0.45625 0.02265625 0.12890625