0 0.50078125 0.571875 0.0859375 0.24140625
0 0.08125 0.115625 0.0296875 0.13359375
0 0.71875 0.54375 0.04453125 0.27578125
0 0.6796875 0.51171875 0.04765625 0.21171875
0 0.34453125 0.5765625 0.071875 0.2
0 0.2328125 0.52265625 0.04765625 0.1765625
0 0.38671875 0.47734375 0.03828125 0.1453125
0 0.36328125 0.171875 0.03046875 0.103125
0 0.02265625 0.48359375 0.04296875 0.240625
0 0.35703125 0.47578125 0.02109375 0.13125
0 0.76484375 0.5359375 0.04453125 0.11171875
0 0.06796875 0.45546875 0.021875 0.12890625
0 0.30234375 0.48359375 0.05546875 0.20546875
0 0.809375 0.546875 0.04140625 0.115625
0 0.8390625 0.546875 0.0375 0.12421875