0 0.91875 0.115625 0.0296875 0.13359375
0 0.5203125 0.559375 0.06953125 0.3234375
0 0.4140625 0.54296875 0.0484375 0.26875
0 0.3015625 0.5375 0.06015625 0.23984375
0 0.6640625 0.48359375 0.04296875 0.18046875
0 0.69609375 0.49609375 0.04609375 0.20546875
0 0.63671875 0.171875 0.03046875 0.103125
0 0.75234375 0.48125 0.03125 0.19453125
0 0.37578125 0.51640625 0.046875 0.1484375
0 0.3390625 0.49609375 0.02421875 0.159375
0 0.47734375 0.48828125 0.03203125 0.17109375
0 0.23515625 0.53515625 0.04375 0.1109375
0 0.775 0.4828125 0.03828125 0.16953125
0 0.97421875 0.48359375 0.03828125 0.2390625
0 0.95 0.453125 0.02421875 0.1265625
0 0.190625 0.54609375 0.03671875 0.115625