0 0.23984375 0.546875 0.0640625 0.25703125
0 0.45625 0.565625 0.0734375 0.278125
0 0.91875 0.115625 0.02890625 0.13359375
0 0.75234375 0.54453125 0.13671875 0.27421875
0 0.89765625 0.48828125 0.046875 0.18671875
0 0.80625 0.5078125 0.10859375 0.1953125
0 0.5171875 0.48828125 0.03046875 0.1515625
0 0.63671875 0.171875 0.03046875 0.103125
0 0.334375 0.496875 0.03046875 0.1609375
0 0.97734375 0.48359375 0.04296875 0.240625
0 0.8484375 0.4828125 0.05390625 0.13828125
0 0.9328125 0.45390625 0.02265625 0.13046875