0 0.428125 0.54375 0.06796875 0.303125
0 0.08125 0.115625 0.0296875 0.13359375
0 0.565625 0.540625 0.06171875 0.2609375
0 0.70234375 0.5484375 0.0625 0.22421875
0 0.36328125 0.171875 0.03046875 0.103125
0 0.30625 0.496875 0.0390625 0.2046875
0 0.26953125 0.48359375 0.03671875 0.2015625
0 0.625 0.51640625 0.0453125 0.15078125
0 0.66015625 0.496875 0.025 0.15859375
0 0.25390625 0.47578125 0.03125 0.15703125
0 0.76171875 0.534375 0.04921875 0.11328125
0 0.02578125 0.48359375 0.0375 0.23828125
0 0.04921875 0.45390625 0.02265625 0.128125
0 0.81015625 0.5453125 0.0390625 0.11875