0 0.08125 0.115625 0.0296875 0.13359375
0 0.6109375 0.57265625 0.06875 0.346875
0 0.71796875 0.540625 0.0484375 0.265625
0 0.475 0.503125 0.05546875 0.203125
0 0.221875 0.52578125 0.06015625 0.2796875
0 0.1203125 0.50390625 0.06953125 0.2390625
0 0.36328125 0.171875 0.03046875 0.103125
0 0.44765625 0.49296875 0.05234375 0.1703125
0 0.3359375 0.48125 0.0453125 0.146875
0 0.2671875 0.49453125 0.05078125 0.21171875
0 0.1796875 0.48359375 0.046875 0.17890625
0 0.659375 0.496875 0.03203125 0.159375
0 0.021875 0.484375 0.04296875 0.2390625
0 0.76484375 0.53515625 0.04375 0.1109375
0 0.29375 0.48046875 0.0390625 0.2
0 0.809375 0.546875 0.04140625 0.115625
0 0.14140625 0.484375 0.03359375 0.1953125
0 0.83828125 0.546875 0.03984375 0.125