0 0.23515625 0.66015625 0.159375 0.67421875
0 0.08125 0.115625 0.0296875 0.13359375
0 0.54140625 0.509375 0.05234375 0.2234375
0 0.44453125 0.521875 0.0765625 0.246875
0 0.3609375 0.49921875 0.03515625 0.2046875
0 0.51015625 0.50078125 0.04375 0.20703125
0 0.36328125 0.171875 0.03046875 0.103125
0 0.659375 0.49609375 0.0234375 0.15703125
0 0.3953125 0.5109375 0.04140625 0.21171875
0 0.31953125 0.478125 0.0328125 0.17109375
0 0.76484375 0.53515625 0.04453125 0.1109375
0 0.8109375 0.54609375 0.04453125 0.11796875
0 0.02578125 0.48359375 0.0375 0.2390625
0 0.071875 0.45703125 0.02109375 0.134375
0 0.8421875 0.5421875 0.04140625 0.13203125