0 0.91875 0.115625 0.0296875 0.13359375
0 0.48046875 0.54296875 0.06796875 0.29609375
0 0.24453125 0.5359375 0.04453125 0.27109375
0 0.6 0.49453125 0.0359375 0.2140625
0 0.63671875 0.17109375 0.03046875 0.10390625
0 0.74453125 0.5171875 0.06328125 0.26171875
0 0.67578125 0.4859375 0.0421875 0.1984375
0 0.8328125 0.4953125 0.05234375 0.15
0 0.771875 0.4890625 0.0328125 0.2515625
0 0.51796875 0.49375 0.0375 0.159375
0 0.97109375 0.4859375 0.0375 0.23359375
0 0.6171875 0.48046875 0.0234375 0.1296875
0 0.9328125 0.45234375 0.021875 0.1265625
0 0.346875 0.49453125 0.02421875 0.15703125
0 0.49921875 0.49296875 0.03046875 0.19609375