0 0.571875 0.54375 0.06796875 0.303125
0 0.91875 0.115625 0.0296875 0.13359375
0 0.434375 0.540625 0.06171875 0.2609375
0 0.29765625 0.5484375 0.0625 0.22421875
0 0.63671875 0.171875 0.03046875 0.103125
0 0.69375 0.496875 0.0390625 0.2046875
0 0.73046875 0.48359375 0.03671875 0.2015625
0 0.375 0.51640625 0.0453125 0.15078125
0 0.33984375 0.496875 0.025 0.15859375
0 0.74609375 0.47578125 0.03125 0.15703125
0 0.23828125 0.534375 0.04921875 0.11328125
0 0.97421875 0.48359375 0.0375 0.23828125
0 0.95078125 0.45390625 0.02265625 0.128125
0 0.18984375 0.5453125 0.0390625 0.11875