0 0.49921875 0.5890625 0.08515625 0.20703125
0 0.91875 0.115625 0.0296875 0.13359375
0 0.34296875 0.540625 0.05859375 0.28046875
0 0.753125 0.50078125 0.06796875 0.2109375
0 0.39609375 0.50546875 0.03984375 0.2203125
0 0.58828125 0.48359375 0.05546875 0.159375
0 0.63671875 0.171875 0.03046875 0.103125
0 0.69140625 0.5140625 0.06796875 0.2453125
0 0.64609375 0.496875 0.03984375 0.21796875
0 0.93125 0.45546875 0.02109375 0.1296875
0 0.23515625 0.53515625 0.04453125 0.1109375
0 0.97421875 0.48359375 0.0375 0.23984375
0 0.18984375 0.546875 0.04375 0.11640625
0 0.159375 0.54453125 0.03828125 0.128125