0 0.08125 0.115625 0.0296875 0.13359375
0 0.43125 0.5875 0.08515625 0.43828125
0 0.69921875 0.509375 0.03984375 0.2140625
0 0.16953125 0.4671875 0.04921875 0.16015625
0 0.49921875 0.546875 0.05625 0.21640625
0 0.2828125 0.4953125 0.053125 0.20703125
0 0.23203125 0.48203125 0.04609375 0.1890625
0 0.5875 0.4953125 0.03828125 0.18671875
0 0.36328125 0.171875 0.03046875 0.103125
0 0.396875 0.53046875 0.0390625 0.26796875
0 0.65703125 0.4953125 0.021875 0.1515625
0 0.765625 0.53671875 0.04296875 0.10703125
0 0.36171875 0.465625 0.02578125 0.1359375
0 0.02578125 0.48359375 0.0375 0.2390625
0 0.06015625 0.45703125 0.0375 0.12890625
0 0.30390625 0.47109375 0.02578125 0.13671875
0 0.809375 0.54453125 0.04140625 0.11875
0 0.8390625 0.54609375 0.0375 0.125
0 0.515625 0.48671875 0.03046875 0.165625