0 0.08125 0.115625 0.0296875 0.13359375
0 0.43046875 0.54609375 0.06015625 0.30859375
0 0.5671875 0.54140625 0.06484375 0.26171875
0 0.70234375 0.54765625 0.0625 0.225
0 0.36328125 0.171875 0.03046875 0.103125
0 0.26953125 0.48203125 0.03515625 0.2046875
0 0.53671875 0.47890625 0.05703125 0.19140625
0 0.3078125 0.49609375 0.03671875 0.20390625
0 0.3234375 0.4890625 0.03046875 0.16015625
0 0.62578125 0.51640625 0.046875 0.1484375
0 0.25 0.47421875 0.0234375 0.159375
0 0.76953125 0.53671875 0.0453125 0.10859375
0 0.025 0.484375 0.03671875 0.2359375
0 0.04921875 0.4546875 0.02265625 0.1296875
0 0.6609375 0.496875 0.0265625 0.15859375
0 0.81015625 0.54609375 0.03828125 0.11640625