0 0.44453125 0.546875 0.06953125 0.3140625
0 0.08125 0.115625 0.0296875 0.13359375
0 0.56953125 0.53515625 0.0640625 0.27421875
0 0.70234375 0.54921875 0.06328125 0.221875
0 0.51953125 0.4875 0.053125 0.1734375
0 0.36328125 0.171875 0.03046875 0.103125
0 0.30234375 0.49609375 0.046875 0.2046875
0 0.2625 0.4828125 0.03984375 0.20625
0 0.334375 0.48203125 0.0390625 0.17578125
0 0.65703125 0.49609375 0.04140625 0.159375
0 0.02578125 0.48359375 0.03828125 0.2390625
0 0.765625 0.53515625 0.04453125 0.1109375
0 0.04921875 0.453125 0.02265625 0.1265625
0 0.625 0.51640625 0.04765625 0.1484375
0 0.809375 0.54609375 0.03671875 0.115625
0 0.8375 0.54765625 0.03828125 0.12109375
0 0.70546875 0.50859375 0.03203125 0.2109375