0 0.69375 0.66328125 0.14453125 0.66875
0 0.91875 0.115625 0.02890625 0.13359375
0 0.5578125 0.52890625 0.07109375 0.25859375
0 0.77578125 0.47421875 0.03671875 0.1546875
0 0.34375 0.49609375 0.03046875 0.15859375
0 0.4921875 0.50859375 0.05859375 0.22578125
0 0.63671875 0.171875 0.03046875 0.103125
0 0.23515625 0.53515625 0.04453125 0.1109375
0 0.9296875 0.45703125 0.02109375 0.134375
0 0.97421875 0.48359375 0.03828125 0.2390625
0 0.51171875 0.4984375 0.04453125 0.20625
0 0.18828125 0.54609375 0.04609375 0.11640625
0 0.615625 0.50546875 0.03828125 0.21796875
0 0.15546875 0.54140625 0.0421875 0.134375