0 0.44453125 0.54140625 0.07265625 0.2734375
0 0.91875 0.115625 0.0296875 0.13359375
0 0.24453125 0.53984375 0.05625 0.26484375
0 0.58359375 0.49140625 0.05234375 0.20546875
0 0.87109375 0.4828125 0.06484375 0.17109375
0 0.70859375 0.52578125 0.09921875 0.2609375
0 0.8046875 0.471875 0.04140625 0.1515625
0 0.63671875 0.171875 0.03046875 0.103125
0 0.34296875 0.49609375 0.03046875 0.159375
0 0.48125 0.4859375 0.02890625 0.14453125
0 0.97421875 0.48359375 0.03828125 0.2390625
0 0.640625 0.484375 0.05234375 0.1546875
0 0.73671875 0.4765625 0.03984375 0.16328125
0 0.9328125 0.45390625 0.02265625 0.13046875
0 0.6734375 0.49453125 0.03046875 0.20625