0 0.91875 0.115625 0.0296875 0.13359375
0 0.56953125 0.54609375 0.06015625 0.30859375
0 0.4328125 0.54140625 0.06484375 0.26171875
0 0.29765625 0.54765625 0.0625 0.225
0 0.63671875 0.171875 0.03046875 0.103125
0 0.73046875 0.48203125 0.03515625 0.2046875
0 0.46328125 0.47890625 0.05703125 0.19140625
0 0.6921875 0.49609375 0.03671875 0.20390625
0 0.6765625 0.4890625 0.03046875 0.16015625
0 0.37421875 0.51640625 0.046875 0.1484375
0 0.75 0.47421875 0.0234375 0.159375
0 0.23046875 0.53671875 0.0453125 0.10859375
0 0.975 0.484375 0.03671875 0.2359375
0 0.95078125 0.4546875 0.02265625 0.1296875
0 0.3390625 0.496875 0.0265625 0.15859375
0 0.18984375 0.54609375 0.03828125 0.11640625