0 0.48828125 0.5203125 0.06171875 0.1796875
0 0.7828125 0.446875 0.05390625 0.24921875
0 0.25 0.5421875 0.0546875 0.25859375
0 0.91875 0.11640625 0.0296875 0.134375
0 0.56171875 0.4890625 0.0328125 0.17890625
0 0.63671875 0.171875 0.03046875 0.103125
0 0.3328125 0.496875 0.03359375 0.1609375
0 0.74375 0.5609375 0.11484375 0.2640625
0 0.6671875 0.4640625 0.02734375 0.140625
0 0.3875 0.58359375 0.06171875 0.340625
0 0.69609375 0.478125 0.03828125 0.15703125
0 0.86171875 0.46875 0.06171875 0.26640625
0 0.9328125 0.45546875 0.02265625 0.13046875