0 0.91875 0.115625 0.0296875 0.13359375
0 0.440625 0.55703125 0.07421875 0.3203125
0 0.62734375 0.49453125 0.0484375 0.21640625
0 0.4921875 0.4734375 0.03828125 0.2515625
0 0.2546875 0.53671875 0.04765625 0.26953125
0 0.76328125 0.52265625 0.05703125 0.2734375
0 0.5171875 0.490625 0.0390625 0.171875
0 0.8328125 0.50703125 0.0796875 0.22578125
0 0.63671875 0.17109375 0.03046875 0.10390625
0 0.703125 0.47890625 0.0453125 0.18984375
0 0.93203125 0.45390625 0.021875 0.12890625
0 0.34921875 0.49453125 0.02578125 0.15546875
0 0.9734375 0.48359375 0.03671875 0.23828125
0 0.8546875 0.49296875 0.0359375 0.18984375
0 0.79296875 0.47421875 0.0328125 0.1515625
0 0.68203125 0.465625 0.034375 0.1359375