0 0.49921875 0.58359375 0.084375 0.21875
0 0.91875 0.115625 0.0296875 0.13359375
0 0.3359375 0.5109375 0.05703125 0.22109375
0 0.29140625 0.53984375 0.05078125 0.28515625
0 0.5328125 0.48671875 0.05078125 0.15859375
0 0.63671875 0.17109375 0.03046875 0.10390625
0 0.6703125 0.53359375 0.05078125 0.2640625
0 0.63359375 0.49375 0.03984375 0.209375
0 0.7640625 0.50625 0.0625 0.2046875
0 0.97578125 0.4828125 0.03984375 0.23984375
0 0.70625 0.48046875 0.04453125 0.2046875
0 0.23515625 0.534375 0.04453125 0.11171875
0 0.93203125 0.45546875 0.02265625 0.12890625
0 0.7421875 0.48359375 0.0421875 0.1859375
0 0.190625 0.546875 0.04140625 0.115625
0 0.1609375 0.546875 0.03828125 0.1234375