0 0.91875 0.115625 0.0296875 0.13359375
0 0.525 0.5609375 0.0734375 0.31484375
0 0.2234375 0.53671875 0.06875 0.25859375
0 0.7890625 0.4765625 0.03984375 0.14375
0 0.75859375 0.48984375 0.04140625 0.15546875
0 0.62421875 0.52578125 0.05234375 0.26015625
0 0.67421875 0.4734375 0.03828125 0.12421875
0 0.63671875 0.171875 0.03046875 0.103125
0 0.44140625 0.50703125 0.0375 0.1890625
0 0.28828125 0.51328125 0.03515625 0.1796875
0 0.97421875 0.48359375 0.0375 0.23828125
0 0.34921875 0.49453125 0.02890625 0.15703125
0 0.48671875 0.49453125 0.03125 0.1640625
0 0.9328125 0.45390625 0.02265625 0.13046875
0 0.57734375 0.484375 0.0375 0.14375
0 0.54140625 0.5046875 0.0328125 0.16484375
0 0.596875 0.48828125 0.02734375 0.19296875