0 0.440625 0.5546875 0.0703125 0.3296875
0 0.08125 0.115625 0.0296875 0.13359375
0 0.59765625 0.53203125 0.06015625 0.28359375
0 0.7265625 0.54140625 0.04765625 0.24609375
0 0.36328125 0.171875 0.03046875 0.103125
0 0.2546875 0.48359375 0.04140625 0.20078125
0 0.5265625 0.48828125 0.03046875 0.17109375
0 0.69765625 0.50859375 0.034375 0.21171875
0 0.3109375 0.496875 0.03828125 0.2046875
0 0.025 0.48359375 0.0359375 0.2390625
0 0.765625 0.53515625 0.04296875 0.1109375
0 0.33125 0.48203125 0.03046875 0.175
0 0.65625 0.49609375 0.03984375 0.159375
0 0.2296875 0.475 0.03203125 0.16328125
0 0.0484375 0.453125 0.02421875 0.1296875
0 0.81015625 0.5453125 0.0390625 0.11640625