0 0.565625 0.54375 0.07734375 0.303125
0 0.91875 0.115625 0.0296875 0.13359375
0 0.4328125 0.54140625 0.06640625 0.259375
0 0.29765625 0.5484375 0.06171875 0.22421875
0 0.63671875 0.171875 0.03046875 0.103125
0 0.6953125 0.49609375 0.04453125 0.20390625
0 0.46328125 0.47734375 0.05703125 0.1953125
0 0.73125 0.4828125 0.03515625 0.2046875
0 0.74921875 0.47421875 0.02421875 0.15859375
0 0.33984375 0.49609375 0.02578125 0.159375
0 0.97421875 0.484375 0.0375 0.2359375
0 0.375 0.5171875 0.04765625 0.14921875
0 0.23359375 0.53515625 0.05859375 0.1109375
0 0.95078125 0.45546875 0.02265625 0.13046875
0 0.16328125 0.54765625 0.0375 0.12109375
0 0.18984375 0.5453125 0.03828125 0.11640625