0 0.08125 0.115625 0.0296875 0.13359375
0 0.54921875 0.5515625 0.05703125 0.31171875
0 0.4671875 0.5296875 0.05546875 0.25390625
0 0.259375 0.48359375 0.03984375 0.1859375
0 0.7109375 0.50859375 0.0359375 0.21328125
0 0.36328125 0.171875 0.03046875 0.103125
0 0.30390625 0.49609375 0.03203125 0.203125
0 0.65859375 0.4953125 0.02421875 0.15546875
0 0.07734375 0.45546875 0.02265625 0.13125
0 0.7640625 0.5375 0.03984375 0.10625
0 0.22578125 0.47265625 0.02578125 0.1546875
0 0.02578125 0.48359375 0.03828125 0.2390625
0 0.32421875 0.4609375 0.02109375 0.12890625
0 0.6203125 0.49921875 0.03515625 0.18515625
0 0.18359375 0.46875 0.04296875 0.1765625
0 0.8125 0.54453125 0.04296875 0.11796875