0 0.55546875 0.546875 0.06953125 0.3140625
0 0.91875 0.115625 0.0296875 0.13359375
0 0.43046875 0.53515625 0.0640625 0.27421875
0 0.29765625 0.54921875 0.06328125 0.221875
0 0.48046875 0.4875 0.053125 0.1734375
0 0.63671875 0.171875 0.03046875 0.103125
0 0.69765625 0.49609375 0.046875 0.2046875
0 0.7375 0.4828125 0.03984375 0.20625
0 0.665625 0.48203125 0.0390625 0.17578125
0 0.34296875 0.49609375 0.04140625 0.159375
0 0.97421875 0.48359375 0.03828125 0.2390625
0 0.234375 0.53515625 0.04453125 0.1109375
0 0.95078125 0.453125 0.02265625 0.1265625
0 0.375 0.51640625 0.04765625 0.1484375
0 0.190625 0.54609375 0.03671875 0.115625
0 0.1625 0.54765625 0.03828125 0.12109375
0 0.29453125 0.50859375 0.03203125 0.2109375