0 0.91875 0.115625 0.0296875 0.13359375
0 0.40625 0.54375 0.08125 0.3046875
0 0.69375 0.49609375 0.03671875 0.20390625
0 0.503125 0.53046875 0.06640625 0.246875
0 0.73828125 0.48515625 0.04140625 0.18671875
0 0.2921875 0.50859375 0.03359375 0.21328125
0 0.81484375 0.471875 0.028125 0.18125
0 0.63671875 0.171875 0.03046875 0.103125
0 0.33984375 0.496875 0.02578125 0.15859375
0 0.23515625 0.53515625 0.040625 0.1109375
0 0.76953125 0.4734375 0.03046875 0.15390625
0 0.97421875 0.48359375 0.0375 0.2390625
0 0.45078125 0.53671875 0.0359375 0.2703125
0 0.3734375 0.5 0.0265625 0.18359375
0 0.92734375 0.4546875 0.01953125 0.1296875
0 0.1890625 0.5453125 0.04140625 0.11640625
0 0.1609375 0.54609375 0.03828125 0.12421875