0 0.5734375 0.55703125 0.0625 0.33515625
0 0.91875 0.115625 0.0296875 0.13359375
0 0.43125 0.53515625 0.05078125 0.271875
0 0.728125 0.49453125 0.04609375 0.17890625
0 0.2640625 0.5390625 0.059375 0.246875
0 0.63671875 0.171875 0.03046875 0.103125
0 0.7703125 0.475 0.02890625 0.159375
0 0.66875 0.48359375 0.04140625 0.178125
0 0.3 0.50859375 0.0390625 0.2140625
0 0.47421875 0.48828125 0.03046875 0.171875
0 0.696875 0.4953125 0.04296875 0.20390625
0 0.33828125 0.49609375 0.02578125 0.15859375
0 0.3765625 0.51640625 0.0453125 0.14921875
0 0.9515625 0.453125 0.0234375 0.128125
0 0.975 0.48359375 0.0359375 0.2390625