0 0.91875 0.115625 0.02890625 0.13359375
0 0.54140625 0.553125 0.07734375 0.32578125
0 0.75 0.48125 0.03359375 0.203125
0 0.63671875 0.171875 0.03046875 0.103125
0 0.4 0.5328125 0.05859375 0.284375
0 0.6890625 0.49609375 0.03984375 0.20546875
0 0.4734375 0.48828125 0.03046875 0.17109375
0 0.28203125 0.54375 0.05234375 0.22578125
0 0.34296875 0.49609375 0.0390625 0.159375
0 0.70234375 0.471875 0.02734375 0.15
0 0.234375 0.534375 0.04296875 0.11171875
0 0.66640625 0.4828125 0.034375 0.175
0 0.76796875 0.4734375 0.028125 0.16484375
0 0.97421875 0.48359375 0.03828125 0.2390625
0 0.30390625 0.50859375 0.03125 0.2109375
0 0.95078125 0.453125 0.0234375 0.1296875
0 0.18984375 0.5453125 0.03828125 0.11640625