0 0.571875 0.55703125 0.08046875 0.33359375
0 0.91875 0.115625 0.0296875 0.13359375
0 0.42265625 0.53203125 0.06640625 0.2796875
0 0.2625 0.53984375 0.0609375 0.2484375
0 0.73359375 0.4921875 0.05078125 0.18203125
0 0.63671875 0.171875 0.03046875 0.103125
0 0.3 0.50859375 0.0390625 0.21328125
0 0.47421875 0.4875 0.03046875 0.1734375
0 0.6921875 0.49609375 0.03671875 0.20390625
0 0.34140625 0.49609375 0.03359375 0.159375
0 0.77578125 0.475 0.03671875 0.1609375
0 0.66953125 0.48203125 0.03203125 0.17578125
0 0.37578125 0.51640625 0.04609375 0.1484375
0 0.975 0.48359375 0.03671875 0.2390625
0 0.9515625 0.453125 0.0234375 0.128125