0 0.08125 0.115625 0.0296875 0.13359375
0 0.59375 0.54375 0.08125 0.3046875
0 0.30625 0.49609375 0.03671875 0.20390625
0 0.496875 0.53046875 0.06640625 0.246875
0 0.26171875 0.48515625 0.04140625 0.18671875
0 0.7078125 0.50859375 0.03359375 0.21328125
0 0.18515625 0.471875 0.028125 0.18125
0 0.36328125 0.171875 0.03046875 0.103125
0 0.66015625 0.496875 0.02578125 0.15859375
0 0.76484375 0.53515625 0.040625 0.1109375
0 0.23046875 0.4734375 0.03046875 0.15390625
0 0.02578125 0.48359375 0.0375 0.2390625
0 0.54921875 0.53671875 0.0359375 0.2703125
0 0.6265625 0.5 0.0265625 0.18359375
0 0.07265625 0.4546875 0.01953125 0.1296875
0 0.8109375 0.5453125 0.04140625 0.11640625
0 0.8390625 0.54609375 0.03828125 0.12421875