0 0.5 0.56953125 0.08515625 0.24375
0 0.91875 0.115625 0.02890625 0.13359375
0 0.28125 0.54375 0.04140625 0.278125
0 0.76796875 0.528125 0.05625 0.1640625
0 0.6546875 0.5734375 0.07265625 0.20546875
0 0.70703125 0.48203125 0.03515625 0.21015625
0 0.63671875 0.171875 0.03046875 0.103125
0 0.6328125 0.49453125 0.03828125 0.1953125
0 0.3140625 0.51171875 0.03515625 0.21875
0 0.6125 0.478125 0.0359375 0.14609375
0 0.93203125 0.45546875 0.021875 0.12890625
0 0.97734375 0.48359375 0.0421875 0.240625
0 0.23515625 0.534375 0.04453125 0.11171875
0 0.334375 0.49765625 0.0265625 0.16171875
0 0.68828125 0.4625 0.02578125 0.1359375
0 0.76796875 0.48125 0.0375 0.1890625
0 0.190625 0.546875 0.04140625 0.115625
0 0.1609375 0.546875 0.0375 0.1234375