0 0.80390625 0.84296875 0.26640625 0.31015625
0 0.91875 0.115625 0.0296875 0.13359375
0 0.55234375 0.52109375 0.03515625 0.24140625
0 0.453125 0.50703125 0.0546875 0.21484375
0 0.6671875 0.496875 0.02890625 0.20703125
0 0.41953125 0.5109375 0.0484375 0.2140625
0 0.63671875 0.171875 0.03046875 0.103125
0 0.3390625 0.496875 0.02890625 0.15625
0 0.696875 0.48046875 0.03828125 0.17890625
0 0.7453125 0.4734375 0.03359375 0.15546875
0 0.23515625 0.534375 0.04375 0.11328125
0 0.93125 0.45625 0.02265625 0.13515625
0 0.97421875 0.48359375 0.0375 0.2390625
0 0.1578125 0.54296875 0.04140625 0.13125
0 0.77265625 0.47109375 0.034375 0.14375
0 0.6078125 0.51328125 0.0328125 0.22890625
0 0.5671875 0.47734375 0.0296875 0.1640625
0 0.1890625 0.54609375 0.04453125 0.11640625