0 0.4484375 0.546875 0.06328125 0.3140625
0 0.08125 0.115625 0.02890625 0.13359375
0 0.56796875 0.53828125 0.06015625 0.26875
0 0.70234375 0.546875 0.0625 0.22578125
0 0.36328125 0.171875 0.03046875 0.103125
0 0.303125 0.49609375 0.0453125 0.2046875
0 0.334375 0.48203125 0.0390625 0.17578125
0 0.65703125 0.49609375 0.040625 0.159375
0 0.2609375 0.48125 0.0359375 0.20546875
0 0.02578125 0.48359375 0.03828125 0.2390625
0 0.04921875 0.453125 0.02265625 0.12890625
0 0.765625 0.5359375 0.04453125 0.11015625
0 0.625 0.51640625 0.04765625 0.1484375
0 0.80859375 0.54609375 0.03671875 0.11484375
0 0.70546875 0.5078125 0.03203125 0.21015625
0 0.51875 0.4875 0.07109375 0.1734375