0 0.91875 0.115625 0.0296875 0.13359375
0 0.26953125 0.53046875 0.0625 0.24609375
0 0.4234375 0.5421875 0.06484375 0.2734375
0 0.8578125 0.484375 0.06171875 0.171875
0 0.63671875 0.171875 0.03046875 0.103125
0 0.7265625 0.5375 0.07421875 0.284375
0 0.57265625 0.496875 0.046875 0.20546875
0 0.61171875 0.4765625 0.03828125 0.14375
0 0.33203125 0.496875 0.03046875 0.1609375
0 0.7734375 0.496875 0.0453125 0.2140625
0 0.809375 0.47109375 0.03359375 0.14921875
0 0.665625 0.4640625 0.0265625 0.13203125
0 0.9765625 0.48359375 0.03984375 0.2390625
0 0.93203125 0.453125 0.02265625 0.1265625
0 0.6921875 0.478125 0.04140625 0.16640625
0 0.16171875 0.546875 0.03984375 0.1234375
0 0.23359375 0.53515625 0.040625 0.1109375