0 0.265625 0.490625 0.05546875 0.1515625
0 0.08125 0.115625 0.0296875 0.13359375
0 0.41953125 0.56171875 0.09765625 0.315625
0 0.49375 0.49375 0.03515625 0.16875
0 0.59375 0.51875 0.04765625 0.21171875
0 0.36328125 0.171875 0.03046875 0.103125
0 0.21484375 0.4765625 0.040625 0.13984375
0 0.65703125 0.49609375 0.02890625 0.159375
0 0.325 0.47421875 0.05078125 0.1234375
0 0.78359375 0.53671875 0.0546875 0.25859375
0 0.41484375 0.49140625 0.05234375 0.346875
0 0.02578125 0.48359375 0.03671875 0.2390625
0 0.06796875 0.45625 0.02265625 0.12890625