0 0.91875 0.115625 0.0296875 0.13359375
0 0.8078125 0.471875 0.03203125 0.18203125
0 0.2921875 0.50859375 0.03359375 0.21328125
0 0.3953125 0.53984375 0.05625 0.309375
0 0.7296875 0.48515625 0.0359375 0.18515625
0 0.63671875 0.171875 0.03046875 0.103125
0 0.69296875 0.49609375 0.0375 0.2015625
0 0.7671875 0.4734375 0.03046875 0.15390625
0 0.45078125 0.53671875 0.04921875 0.26953125
0 0.9359375 0.45546875 0.0359375 0.12890625
0 0.48515625 0.5265625 0.04296875 0.2484375
0 0.3390625 0.49609375 0.02734375 0.15703125
0 0.23515625 0.53515625 0.04140625 0.1109375
0 0.97421875 0.48359375 0.0375 0.2390625
0 0.18984375 0.5453125 0.0390625 0.11640625
0 0.16171875 0.546875 0.03828125 0.121875
0 0.371875 0.5 0.02578125 0.18359375