0 0.50078125 0.58203125 0.08515625 0.22109375
0 0.08125 0.115625 0.0296875 0.13359375
0 0.71328125 0.54296875 0.04921875 0.2796875
0 0.66796875 0.5109375 0.05390625 0.21953125
0 0.47265625 0.484375 0.03984375 0.1640625
0 0.32890625 0.54140625 0.05390625 0.25625
0 0.36328125 0.171875 0.03046875 0.103125
0 0.36796875 0.49375 0.03359375 0.209375
0 0.29296875 0.48125 0.04609375 0.20625
0 0.25625 0.48203125 0.03984375 0.18671875
0 0.06796875 0.45546875 0.021875 0.12890625
0 0.0234375 0.4828125 0.03984375 0.23984375
0 0.76484375 0.534375 0.04453125 0.11171875
0 0.809375 0.546875 0.04140625 0.115625
0 0.8390625 0.546875 0.0390625 0.121875
0 0.22890625 0.51953125 0.05390625 0.1765625