0 0.20859375 0.47265625 0.04375 0.20625
0 0.08125 0.115625 0.0296875 0.13359375
0 0.33046875 0.53046875 0.08515625 0.22578125
0 0.52421875 0.54296875 0.06328125 0.2953125
0 0.7421875 0.5328125 0.04453125 0.2546875
0 0.36328125 0.171875 0.03046875 0.103125
0 0.42421875 0.503125 0.05 0.19296875
0 0.49375 0.49609375 0.04140625 0.1953125
0 0.02578125 0.484375 0.03828125 0.2390625
0 0.63359375 0.50078125 0.05859375 0.18046875
0 0.0671875 0.45390625 0.02265625 0.13046875
0 0.30703125 0.46640625 0.03515625 0.13828125
0 0.6515625 0.496875 0.02578125 0.16015625
0 0.35703125 0.48125 0.03515625 0.17421875