0 0.76015625 0.546875 0.0640625 0.25703125
0 0.54375 0.565625 0.0734375 0.278125
0 0.08125 0.115625 0.02890625 0.13359375
0 0.24765625 0.54453125 0.13671875 0.27421875
0 0.10234375 0.48828125 0.046875 0.18671875
0 0.19375 0.5078125 0.10859375 0.1953125
0 0.4828125 0.48828125 0.03046875 0.1515625
0 0.36328125 0.171875 0.03046875 0.103125
0 0.665625 0.496875 0.03046875 0.1609375
0 0.02265625 0.48359375 0.04296875 0.240625
0 0.1515625 0.4828125 0.05390625 0.13828125
0 0.0671875 0.45390625 0.02265625 0.13046875