0 0.20703125 0.75 0.221875 0.49453125
0 0.08125 0.115625 0.0296875 0.13359375
0 0.45078125 0.5203125 0.05390625 0.24296875
0 0.5703125 0.50859375 0.0453125 0.21875
0 0.34453125 0.4984375 0.05078125 0.20625
0 0.4 0.5140625 0.0484375 0.2265625
0 0.659375 0.496875 0.02734375 0.15625
0 0.36328125 0.171875 0.03046875 0.103125
0 0.53671875 0.5 0.03828125 0.1984375
0 0.30546875 0.48125 0.04140625 0.17421875
0 0.76484375 0.534375 0.04375 0.11328125
0 0.2578125 0.47421875 0.03359375 0.1546875
0 0.22109375 0.47265625 0.0359375 0.146875
0 0.02578125 0.48359375 0.0375 0.2390625
0 0.81171875 0.54609375 0.046875 0.11640625
0 0.0703125 0.45703125 0.02109375 0.134375
0 0.8421875 0.5421875 0.03984375 0.13203125
0 0.43125 0.478125 0.03046875 0.16171875