0 0.91875 0.115625 0.0296875 0.13359375
0 0.7359375 0.49140625 0.0640625 0.1453125
0 0.784375 0.47578125 0.03984375 0.14140625
0 0.67109375 0.47265625 0.04453125 0.1234375
0 0.41015625 0.509375 0.05390625 0.21484375
0 0.50546875 0.49296875 0.03828125 0.16953125
0 0.253125 0.52578125 0.0734375 0.1890625
0 0.63671875 0.171875 0.03046875 0.103125
0 0.20703125 0.53671875 0.05546875 0.26015625
0 0.5578125 0.56015625 0.07734375 0.321875
0 0.60234375 0.528125 0.05859375 0.259375
0 0.3453125 0.49609375 0.02890625 0.16015625
0 0.9328125 0.45546875 0.02265625 0.13046875
0 0.97421875 0.48359375 0.0375 0.23828125