0 0.8203125 0.79140625 0.31953125 0.41171875
0 0.91875 0.115625 0.02890625 0.13359375
0 0.61015625 0.51875 0.06171875 0.23671875
0 0.4203125 0.509375 0.05078125 0.215625
0 0.63671875 0.171875 0.03046875 0.103125
0 0.33828125 0.496875 0.02734375 0.15625
0 0.546875 0.52265625 0.03828125 0.24140625
0 0.2359375 0.534375 0.04453125 0.11171875
0 0.6859375 0.49765625 0.03828125 0.2046875
0 0.75625 0.4734375 0.04765625 0.153125
0 0.71484375 0.48203125 0.03671875 0.175
0 0.1890625 0.5453125 0.04453125 0.11640625
0 0.93828125 0.45703125 0.02578125 0.13359375
0 0.1578125 0.5421875 0.04140625 0.13203125
0 0.97421875 0.48359375 0.0375 0.2390625