0 0.55546875 0.54140625 0.07265625 0.2734375
0 0.08125 0.115625 0.0296875 0.13359375
0 0.75546875 0.53984375 0.05625 0.26484375
0 0.41640625 0.49140625 0.05234375 0.20546875
0 0.12890625 0.4828125 0.06484375 0.17109375
0 0.29140625 0.52578125 0.09921875 0.2609375
0 0.1953125 0.471875 0.04140625 0.1515625
0 0.36328125 0.171875 0.03046875 0.103125
0 0.65703125 0.49609375 0.03046875 0.159375
0 0.51875 0.4859375 0.02890625 0.14453125
0 0.02578125 0.48359375 0.03828125 0.2390625
0 0.359375 0.484375 0.05234375 0.1546875
0 0.26328125 0.4765625 0.03984375 0.16328125
0 0.0671875 0.45390625 0.02265625 0.13046875
0 0.3265625 0.49453125 0.03046875 0.20625