0 0.60546875 0.50390625 0.071875 0.203125
0 0.91875 0.115625 0.0296875 0.13359375
0 0.4453125 0.54921875 0.06171875 0.30390625
0 0.24765625 0.5359375 0.03828125 0.2734375
0 0.63671875 0.17109375 0.03046875 0.10390625
0 0.52421875 0.49296875 0.0484375 0.1703125
0 0.690625 0.4859375 0.07734375 0.18046875
0 0.8390625 0.49140625 0.0546875 0.19296875
0 0.77421875 0.521875 0.07578125 0.27421875
0 0.4859375 0.49609375 0.03671875 0.20390625
0 0.93203125 0.4546875 0.021875 0.1296875
0 0.9734375 0.48359375 0.0375 0.23984375
0 0.34921875 0.49453125 0.02734375 0.15546875
0 0.62109375 0.48203125 0.04609375 0.13984375